# session 2026-07-10 08:36:20
0.57 -0.0037 -0.0509 0.0179
0.57 -0.0279 -0.0953 0.0140
0.84 0.0161 -0.0013 0.0033
1.07 0.0216 -0.0772 0.0017
1.40 -0.0074 -0.0086 0.0012
1.90 -0.0022 -0.0591 -0.0006
2.25 0.0129 -0.0075 -0.0006
2.30 0.0130 0.0539 -0.0015
2.36 -0.0410 0.2334 -0.0011
2.43 -0.0354 0.2842 -0.0011
2.46 0.0041 0.1049 -0.0008
2.59 0.0179 -0.4248 0.0004
2.68 -0.0414 -0.1351 0.0002
2.78 -0.1618 -0.1256 0.0002
2.88 0.0098 -0.0397 0.0001
3.40 -0.0354 -0.0170 -0.0003
4.18 0.0013 -0.0536 -0.0009
5.89 -0.0291 -0.0987 -0.0025
6.21 0.0367 -0.1166 -0.0023
6.28 -0.0050 -0.0721 -0.0020
6.56 -0.0100 -0.0221 -0.0024
6.96 -0.0137 -0.1077 -0.0015
7.09 0.0102 -0.0422 -0.0014
7.42 -0.0461 -0.0454 -0.0012
7.66 0.0076 -0.0614 -0.0009
10.19 -0.0263 -0.0228 0.0017
10.42 -0.0122 -0.0796 0.0017
11.53 0.0397 -0.0778 -0.0001
11.65 -0.0082 -0.1084 0.0000
12.43 0.0154 -0.0547 0.0006
14.08 -0.0031 -0.1018 0.0013
14.44 -0.0053 -0.0436 0.0012
15.48 -0.0053 -0.1083 0.0002
15.59 -0.0044 -0.0543 -0.0001
17.75 -0.0101 -0.1065 0.0001
18.37 0.0065 -0.0518 0.0008
19.57 -0.0195 -0.0946 0.0016
19.82 0.0268 -0.1134 0.0019
20.32 -0.0167 -0.0746 0.0023
21.41 -0.0208 -0.0238 0.0018
21.43 0.0060 -0.0675 0.0016
27.04 0.0258 -0.1165 0.0010
27.25 -0.0224 -0.1033 0.0012
27.38 -0.0040 -0.0562 0.0015
29.25 -0.0168 -0.1052 0.0006
30.54 0.0080 -0.0491 0.0011
30.87 -0.0230 -0.0069 0.0018
31.26 -0.0154 -0.0785 0.0018
32.86 0.0096 -0.1225 0.0012
33.15 -0.0082 -0.0613 0.0009
34.06 -0.0023 -0.1123 -0.0005
34.61 -0.0111 -0.0627 -0.0004
36.21 -0.0015 -0.1136 -0.0004
37.66 -0.0222 -0.0618 -0.0004
38.41 0.0116 -0.0991 -0.0000
39.45 0.0083 -0.1550 0.0023
39.73 -0.0182 -0.0851 0.0022
42.08 -0.0279 -0.0349 0.0013
42.42 -0.0068 -0.0934 0.0014
46.73 -0.0062 -0.0434 -0.0002
47.01 -0.0183 -0.1024 0.0002
48.58 0.0105 -0.0602 0.0007
48.90 -0.0254 -0.0959 0.0008
50.11 -0.0006 -0.0468 0.0016
50.48 -0.0270 -0.0957 0.0011
55.02 -0.0023 -0.0519 -0.0002
55.04 -0.0110 -0.1043 -0.0004
55.30 -0.0122 -0.0538 -0.0004
56.84 0.0146 -0.0961 0.0006
57.57 -0.0069 -0.0493 0.0001
58.45 0.0008 -0.1006 0.0007
59.30 0.0471 -0.1326 0.0007
59.54 0.0049 -0.0531 0.0010
59.98 -0.0074 -0.1045 0.0014
60.17 0.0325 -0.1388 0.0011
60.26 -0.0216 -0.1348 0.0008
60.49 0.0043 -0.0895 0.0011
62.18 -0.0177 -0.0419 0.0013
62.38 -0.0083 -0.0952 0.0011
63.41 0.0425 -0.0865 0.0003
63.48 -0.0090 -0.0855 0.0005
65.54 0.0093 -0.1325 -0.0001
65.56 -0.0183 -0.0765 -0.0002
67.17 -0.0197 -0.1311 0.0003
67.47 -0.0260 -0.0810 0.0002
71.16 -0.0051 -0.1267 0.0017
71.23 0.0037 -0.1859 0.0017
71.31 0.0204 -0.2358 0.0017
71.38 0.0761 -0.2214 0.0017
71.45 0.1167 -0.2900 0.0016
71.47 0.0478 -0.1628 0.0013
71.50 0.0746 -0.2127 0.0013
71.58 0.0773 -0.3097 0.0017
71.63 0.0984 -0.3676 0.0014
71.65 0.1299 -0.4522 0.0017
71.68 0.1593 -0.5351 0.0012
71.69 0.1909 -0.5979 0.0006
71.70 0.2498 -0.7322 0.0016
71.72 0.2904 -0.8268 0.0015
71.75 0.2307 -0.6098 0.0016
71.80 0.2540 -0.6566 0.0014
71.87 0.0694 -0.2188 0.0012
71.96 0.0079 -0.0386 0.0011
72.11 -0.0431 -0.0338 0.0011
72.26 -0.0128 -0.0751 0.0014
74.51 -0.0048 -0.1401 0.0021
74.72 -0.0105 -0.1958 0.0017
74.78 -0.0075 -0.2539 0.0016
74.97 0.0077 -0.1376 0.0018
75.01 -0.0199 -0.0417 0.0021
75.10 -0.0561 0.0065 0.0025
75.38 -0.0772 0.0556 0.0023
75.41 -0.0180 -0.0288 0.0021
75.49 0.0100 -0.0963 0.0018
76.68 -0.0171 -0.0536 -0.0001
76.84 -0.0060 -0.1024 0.0001
# session 2026-07-10 08:41:25
2.44 0.0413 0.0465 0.0054
2.63 0.0168 -0.0258 -0.0002
2.97 -0.0024 0.1027 -0.0019
3.04 0.0188 -0.1030 -0.0003
3.08 0.0418 -0.1860 -0.0003
3.12 0.0632 -0.2438 -0.0003
3.18 0.1144 -0.2448 -0.0010
3.24 0.1931 -0.2065 -0.0040
3.32 0.0280 -0.0030 -0.0041
3.68 0.0149 0.0471 -0.0029
3.79 0.0384 -0.0472 -0.0043
3.85 0.0543 -0.1017 -0.0048
3.91 0.0660 -0.1801 -0.0055
3.92 0.0627 -0.2349 -0.0039
3.96 0.0130 -0.1707 -0.0025
3.98 -0.0382 -0.1041 -0.0028
4.03 -0.1439 0.0537 -0.0026
4.07 -0.0504 0.0423 -0.0037
4.08 -0.1118 0.1539 -0.0034
4.11 -0.3276 0.3074 -0.0028
4.12 -0.3818 0.4039 -0.0032
4.14 -0.4236 0.4799 -0.0029
4.18 -0.4773 0.5714 -0.0028
4.20 -0.5283 0.6584 -0.0029
4.21 -0.6197 0.8106 -0.0028
4.24 -0.6737 0.8948 -0.0026
4.26 -0.7442 1.0005 -0.0041
4.27 -0.7785 1.0499 -0.0036
4.29 -0.8478 1.1506 -0.0034
4.31 -0.9405 1.8845 -0.0025
4.33 -1.0376 2.1103 -0.0030
4.34 -1.0672 2.1809 -0.0036
4.36 -0.5091 1.5463 -0.0041
4.37 -0.5223 1.6174 -0.0042
4.45 0.3395 -0.5296 -0.0043
4.51 0.0167 0.0443 -0.0036
4.70 0.0805 -0.0840 -0.0042
4.75 -0.0433 -0.0309 -0.0035
4.85 -0.0406 0.0621 -0.0031
5.03 -0.0083 0.0082 -0.0025
5.64 0.0401 0.0222 -0.0019
5.75 0.0056 -0.0364 -0.0019
6.36 0.0646 -0.1032 0.0265
6.53 0.0519 -0.1521 0.0061
6.62 0.0765 -0.0463 0.0020
6.66 -0.0290 0.0194 0.0045
6.87 0.0018 -0.0355 0.0016
9.13 0.0042 0.0148 0.0013
9.14 -0.0462 0.0289 0.0014
9.41 0.0185 -0.0087 0.0015
9.75 -0.0133 0.0350 0.0021
9.86 -0.0410 0.0795 0.0030
9.87 -0.0788 0.1517 0.0033
9.95 -0.0359 0.1197 0.0036
10.03 -0.0285 -0.0242 0.0031
10.14 -0.0580 -0.0779 0.0030
10.20 -0.0481 -0.1290 0.0021
10.25 0.0268 -0.1363 0.0020
10.35 0.0583 -0.2078 0.0019
10.51 0.0794 -0.2574 0.0024
10.52 -0.0197 0.0470 0.0028
10.68 0.0367 -0.0337 0.0023
10.84 0.0694 -0.1553 0.0020
10.94 0.0936 -0.1995 0.0025
10.95 0.0037 0.0060 0.0023
11.11 -0.0001 -0.0575 0.0023
11.20 -0.0180 -0.0032 0.0019
11.46 -0.0060 -0.0673 0.0016
11.55 0.0089 -0.1264 0.0016
11.73 0.0151 -0.0623 0.0011
11.90 -0.0096 -0.0147 0.0011
14.62 -0.0024 -0.0651 0.0003
15.03 0.0128 -0.0033 -0.0004
15.82 0.0552 0.0314 -0.0025
15.87 0.0011 0.0232 -0.0024
16.09 0.0168 -0.0694 -0.0029
16.16 -0.0165 0.0312 -0.0031
16.25 -0.0053 -0.0242 -0.0028
16.59 -0.0028 -0.0802 -0.0027
16.74 0.0228 -0.1239 -0.0024
16.77 0.0797 -0.0643 -0.0021
16.84 0.0316 -0.0253 -0.0017
16.90 0.0228 0.0405 -0.0012
16.93 0.0051 0.1522 -0.0012
16.96 -0.0055 0.2095 -0.0010
17.03 -0.0740 0.2470 -0.0011
17.13 -0.0330 0.0502 -0.0012
17.24 -0.0007 -0.0506 -0.0006
17.57 0.0201 -0.0046 -0.0008
18.31 -0.0526 -0.0326 -0.0017
18.37 -0.1048 -0.0632 -0.0015
18.39 -0.0588 -0.1102 -0.0018
18.42 -0.0796 -0.1629 -0.0024
18.45 -0.1059 -0.0740 -0.0025
18.54 -0.1326 -0.1292 -0.0039
18.55 -0.1277 -0.2012 -0.0050
18.60 -0.1094 -0.2905 -0.0053
18.60 -0.0974 -0.3421 -0.0052
18.62 -0.0281 -0.6126 -0.0055
18.66 0.1584 -0.4045 -0.0048
18.73 0.1866 -0.4560 -0.0047
18.77 0.2219 -0.3279 -0.0049
18.82 0.2535 -0.3710 -0.0050
18.90 0.1256 -0.2435 -0.0046
18.95 0.1550 -0.2922 -0.0047
18.99 0.0098 -0.0167 -0.0042
21.05 0.0043 -0.0678 0.0003
21.29 -0.0150 -0.0183 -0.0005
22.28 0.0178 -0.0581 -0.0003
22.56 -0.0015 -0.1052 -0.0007
22.79 0.0190 -0.0345 -0.0008
24.68 -0.0237 0.0410 -0.0009
24.74 0.0002 0.1476 -0.0017
24.82 -0.0018 0.2356 0.0004
24.88 -0.0181 0.3545 0.0007
24.88 -0.0320 0.1533 0.0007
24.97 -0.0453 0.2056 0.0006
25.02 -0.0090 -0.0043 0.0006
25.11 -0.0423 0.1107 0.0004
25.26 -0.0012 -0.0433 0.0003
25.89 0.0013 0.0067 -0.0144
25.92 -0.0517 -0.0202 -0.0275
26.03 -0.1087 0.0103 -0.0888
26.07 -0.2256 0.0475 -0.1529
26.10 -0.2864 0.1005 -0.1861
26.12 -0.3581 0.1512 -0.2346
26.15 -0.4220 0.1995 -0.2630
26.17 -0.4780 0.2417 -0.2726
26.19 -0.5754 0.3139 -0.3053
26.23 -0.2430 0.4233 -0.3304
26.28 -0.2869 0.4636 -0.3528
26.30 -0.3279 0.5002 -0.3638
26.34 -0.4304 0.3939 -0.3644
26.38 -0.4894 0.4339 -0.3736
26.40 -0.2424 0.1860 -0.3651
26.45 -0.2877 0.2100 -0.3728
26.52 -0.3457 0.2425 -0.3798
26.56 -0.3911 0.2688 -0.3911
26.58 -0.1896 0.1514 -0.3798
26.62 -0.2617 0.1864 -0.4352
26.66 -0.3438 0.2270 -0.4347
26.68 -0.2024 0.1003 -0.4267
26.69 -0.2824 0.1169 -0.4489
26.71 -0.0990 -0.0106 -0.4367
26.76 -0.1620 -0.0120 -0.4594
26.84 -0.2228 -0.0150 -0.5002
26.86 -0.1768 -0.0871 -0.5043
26.94 -0.2407 -0.1036 -0.5267
26.98 -0.1757 -0.1363 -0.5181
27.06 -0.0531 -0.1118 -0.5238
27.14 -0.1030 -0.1277 -0.5652
27.22 -0.0299 -0.1075 -0.5754
27.24 0.1044 -0.0687 -0.5709
27.38 0.2216 -0.0321 -0.6402
27.45 0.2863 -0.0913 -0.6494
27.50 0.1908 -0.1369 -0.6369
27.67 0.2038 -0.2624 -0.6130
27.76 0.3384 -0.2812 -0.5846
27.85 0.4341 -0.2878 -0.5661
27.96 0.4802 -0.3304 -0.5818
28.05 0.5939 -0.2819 -0.5952
28.15 0.6426 -0.2931 -0.6232
28.25 0.7692 -0.3355 -0.6390
28.35 0.8199 -0.3300 -0.6155
28.41 0.8512 -0.4130 -0.6006
28.51 0.9105 -0.4374 -0.5959
28.55 0.8205 -0.4509 -0.5800
28.65 0.8677 -0.4838 -0.5451
28.68 0.9010 -0.5374 -0.5342
28.76 0.9417 -0.5702 -0.5462
28.87 1.0425 -0.6283 -0.5388
28.98 1.0663 -0.5124 -0.5344
29.06 1.1595 -0.5219 -0.5196
29.11 1.2133 -0.5343 -0.4853
29.16 1.2570 -0.5664 -0.4710
29.28 1.2857 -0.6124 -0.4028
29.31 1.2990 -0.7068 -0.3789
29.44 1.3508 -0.7129 -0.3084
29.51 1.4217 -0.7351 -0.2525
29.59 1.4772 -0.7504 -0.2379
29.61 1.4461 -0.8082 -0.2388
29.71 1.5029 -0.8370 -0.2166
29.74 1.5094 -0.7073 -0.2084
29.77 1.5483 -0.6453 -0.2008
29.86 1.6022 -0.6438 -0.1872
29.97 1.6588 -0.6509 -0.1760
30.00 1.7100 -0.6542 -0.1710
30.01 1.7089 -0.7411 -0.1568
30.09 1.7685 -0.7627 -0.1094
30.23 1.8550 -0.8391 -0.0852
30.31 1.9085 -0.8669 -0.0764
30.39 1.9613 -0.8582 -0.0946
30.41 1.9255 -0.8154 -0.0982
30.50 1.9800 -0.8380 -0.1395
30.57 2.0616 -0.8083 -0.1477
30.62 2.1138 -0.8226 -0.1569
30.64 2.1655 -0.7620 -0.1649
30.69 2.2237 -0.7689 -0.1766
30.73 2.0787 -0.7278 -0.1857
30.78 2.1331 -0.7488 -0.1968
30.89 2.1895 -0.7541 -0.1870
30.96 2.2525 -0.8046 -0.1696
31.03 2.3088 -0.8159 -0.1580
31.15 2.3448 -0.8512 -0.1543
31.20 2.4075 -0.9059 -0.1698
31.30 2.4684 -0.9186 -0.2432
31.37 2.5211 -0.9385 -0.2827
31.38 2.5043 -0.8809 -0.2919
31.44 2.5700 -0.8957 -0.3177
31.55 2.6190 -0.9175 -0.3456
31.57 2.6652 -0.9536 -0.3638
31.59 2.7022 -0.8742 -0.3674
31.63 2.7641 -0.8943 -0.3741
31.69 2.8376 -0.9341 -0.3814
31.70 2.8687 -0.9939 -0.3666
31.79 2.9137 -1.0319 -0.3187
31.83 2.7658 -1.0953 -0.3102
31.95 2.7957 -1.1365 -0.2664
31.98 2.9142 -1.2330 -0.2563
32.04 2.9547 -1.2680 -0.2374
32.11 2.7797 -0.9981 -0.2494
32.19 3.0262 -1.0051 -0.2607
32.29 3.1553 -1.0514 -0.2502
32.31 3.2186 -1.0658 -0.2384
32.36 3.2798 -1.0784 -0.2131
32.38 3.3146 -1.0013 -0.2035
32.54 3.2688 -1.0777 -0.1085
32.60 3.3405 -1.1159 0.0232
32.65 3.2845 -1.0809 0.0675
32.67 3.3469 -1.1124 0.1615
32.70 3.4227 -1.1582 0.2662
32.72 3.4633 -1.2067 0.3554
32.80 3.4933 -1.2495 0.4169
32.80 3.5354 -1.2885 0.4776
32.81 3.7721 -1.5877 0.5626
32.84 3.8423 -1.6252 0.6093
32.87 3.8965 -1.6497 0.6454
32.89 3.9562 -1.6716 0.6797
32.93 4.1217 -1.6148 0.6957
32.97 4.1896 -1.6354 0.7045
32.99 4.2414 -1.6508 0.7217
33.04 4.3147 -1.6720 0.7568
33.07 3.9264 -1.2034 0.7793
33.15 4.0051 -1.2098 0.8146
33.17 4.0603 -1.2133 0.8287
33.20 3.7855 -0.9070 0.8090
33.27 3.8455 -0.8886 0.8514
33.36 3.8972 -0.9041 0.9076
33.38 3.9590 -0.8924 0.9744
33.44 4.0691 -0.8765 1.1087
33.55 4.1238 -0.8076 1.2246
33.57 4.1602 -0.7702 1.2411
33.59 4.2023 -0.7255 1.2601
33.62 4.3079 -0.6680 1.2774
33.63 4.4614 -0.5364 1.3261
33.64 4.5522 -0.4681 1.3545
33.65 4.7142 -0.3356 1.4074
33.69 4.6820 -0.4329 1.4129
33.70 4.8355 -0.2976 1.4975
33.70 4.9184 -0.2170 1.5562
33.72 4.9822 -0.1960 1.5850
33.75 5.0342 -0.1835 1.6067
33.80 5.0921 -0.1727 1.6694
33.84 4.1664 0.1754 1.6476
33.92 4.1071 0.1567 1.6898
33.96 4.1136 -0.4999 1.6519
34.01 4.0773 -0.5360 1.6591
34.06 3.2585 -1.4779 1.5704
34.07 3.1973 -1.5471 1.5772
34.08 3.1615 -1.5876 1.5844
34.12 3.0961 -1.6616 1.5972
34.15 3.6137 -0.9452 1.5207
34.18 3.5717 -0.9843 1.5244
34.25 3.7130 -0.9858 1.4619
34.28 3.6687 -1.0366 1.4826
34.32 3.7871 -0.9527 1.4305
34.38 3.7529 -0.9928 1.4362
34.42 3.7909 -0.9494 1.3805
34.48 3.7519 -0.9849 1.3895
34.50 3.8536 -0.8585 1.3476
34.58 3.8127 -0.8875 1.3590
34.64 3.8614 -0.8503 1.3266
34.78 3.8058 -0.8684 1.3022
34.83 3.7964 -0.7800 1.2704
34.88 3.7423 -0.7962 1.2775
34.97 3.6858 -0.8242 1.2889
34.99 3.7825 -0.8032 1.2559
35.07 3.8624 -0.8365 1.2325
35.15 3.8315 -0.8782 1.2298
35.24 3.8935 -0.9113 1.2135
35.27 3.8527 -0.9510 1.2126
35.29 3.7932 -0.9620 1.2128
35.31 3.8891 -0.9911 1.1919
35.40 3.8366 -0.9942 1.1934
35.43 3.8027 -0.7681 1.1733
35.56 3.8544 -0.5847 1.1512
35.59 3.8690 -0.4641 1.1324
35.62 3.8195 -0.3863 1.1262
35.65 3.7774 -0.2935 1.1173
35.66 3.7395 -0.1891 1.1071
35.69 3.6353 -0.0792 1.0962
35.71 3.5839 -0.0521 1.0927
35.71 3.7005 -0.6275 1.0710
35.76 3.6346 -0.6431 1.0679
35.78 3.6703 -0.7948 1.0520
35.82 3.6198 -0.8150 1.0506
35.88 3.5607 -0.8382 1.0499
35.90 3.6084 -0.8804 1.0357
35.97 3.5503 -0.9056 1.0354
36.03 3.5357 -0.9907 1.0217
36.09 3.4735 -1.0215 1.0209
36.12 3.7664 -0.8790 1.0086
36.20 3.7208 -0.9016 1.0062
36.25 3.9358 -0.7752 0.9946
36.37 3.9769 -0.7226 0.9813
36.53 3.9196 -0.8193 0.9677
36.57 3.8702 -0.8545 0.9618
36.59 3.8265 -0.8935 0.9565
36.65 3.7605 -0.9413 0.9404
36.70 3.8147 -0.9148 0.9326
36.71 3.7874 -0.9588 0.9302
36.78 3.7394 -1.0439 0.9257
36.83 3.8234 -1.1199 0.9181
36.86 3.8441 -1.2111 0.9087
36.89 3.7222 -1.4451 0.9003
36.90 3.6858 -1.5007 0.8984
36.92 3.6083 -1.6245 0.8940
36.95 3.5592 -1.6965 0.8913
36.99 3.5392 -1.3260 0.8841
37.01 3.4516 -1.3800 0.8807
37.04 3.3693 -1.4169 0.8767
37.05 3.2997 -1.4486 0.8717
37.09 3.2584 -1.4824 0.8672
37.11 3.5774 -1.0356 0.8596
37.15 3.5630 -0.9851 0.8511
37.18 3.6925 -0.6031 0.8465
37.23 3.6893 -0.5229 0.8406
37.27 3.6945 -0.4255 0.8330
37.34 4.4960 0.1494 0.8266
37.45 4.4658 -0.7182 0.8244
37.47 4.5169 -0.7361 0.8211
37.51 4.5776 -0.7543 0.8177
37.60 4.6282 -0.7672 0.8151
37.67 3.9893 -1.0645 0.8168
37.78 4.0117 -1.1118 0.8123
37.79 4.0908 -0.7897 0.8170
37.91 3.9730 -0.7453 0.8188
39.23 4.0245 -0.7724 0.8162
39.47 3.9691 -0.7668 0.8177
39.79 3.9938 -0.7231 0.8123
40.10 3.9711 -0.7685 0.8151
40.21 4.0229 -0.7650 0.8145
40.30 4.0791 -0.7573 0.8065
40.34 4.0254 -0.7928 0.8093
40.61 3.9796 -0.7597 0.8092
40.77 4.0302 -0.7634 0.8089
40.95 3.9734 -0.7706 0.8132
41.54 3.8936 -0.7903 0.6604
41.63 3.7936 -0.7946 0.5528
41.65 3.7237 -0.8088 0.4498
41.67 3.6477 -0.8328 0.3882
41.70 3.5874 -0.8660 0.3512
41.71 3.5396 -0.8935 0.3237
41.75 3.5014 -0.7907 0.3032
41.78 3.4507 -0.8094 0.2773
41.83 3.3892 -0.8334 0.2491
41.85 3.3211 -0.8611 0.2238
41.88 3.3683 -0.9496 0.2225
41.96 3.3116 -0.9823 0.2068
41.97 3.5880 -1.0039 0.2043
42.01 3.5472 -1.0506 0.1727
42.06 3.8050 -0.8092 0.1768
42.16 3.8310 -0.8926 0.1495
42.25 3.9184 -0.9564 0.1265
42.35 3.9372 -0.9093 0.1112
42.43 3.9530 -0.9594 0.0338
42.45 3.9767 -0.8911 0.0368
42.55 4.0166 -0.8026 0.0007
42.63 4.0441 -0.7286 -0.0208
42.87 4.0473 -0.7789 -0.0565
42.97 4.0095 -0.8556 -0.0736
43.08 4.0012 -0.9549 -0.0874
43.13 4.0109 -0.8949 -0.0849
43.41 4.0776 -0.7918 -0.0864
43.49 4.1015 -0.7113 -0.0620
43.74 4.1754 -0.7863 0.0124
43.79 4.2112 -0.8435 0.0660
43.81 4.3888 -0.9740 0.1215
43.83 4.4427 -1.0304 0.1267
43.86 4.5549 -1.1335 0.1344
43.88 4.6808 -1.2475 0.1477
43.90 4.7421 -1.3098 0.1600
43.92 4.8829 -1.4809 0.1959
43.93 4.9117 -1.5266 0.2057
43.95 4.9695 -1.6173 0.2239
43.97 5.1079 -1.6444 0.2379
44.01 5.1533 -1.7035 0.2470
44.06 5.2699 -1.6349 0.2694
44.09 5.3224 -1.6908 0.2778
44.11 5.3760 -1.7478 0.2723
44.16 4.6688 -1.0718 0.2592
44.21 4.7246 -1.1455 0.2674
44.23 4.7964 -1.2183 0.2917
44.25 4.4648 -0.7560 0.3021
44.33 4.6483 -0.5707 0.3084
44.41 4.7008 -0.5625 0.3432
44.51 4.7565 -0.5997 0.3992
44.59 4.8087 -0.5986 0.4439
44.66 4.6465 -0.6686 0.4633
44.77 4.7209 -0.6748 0.5043
44.79 4.7787 -0.6648 0.5123
44.85 5.0309 -0.5566 0.5179
45.04 5.1200 -0.2262 0.4907
45.07 5.1641 -0.1976 0.4930
45.14 5.2193 -0.1613 0.4943
45.18 4.9393 -0.4522 0.4763
45.29 4.8000 -0.5577 0.4354
45.48 4.8454 -0.5880 0.3666
45.55 4.8788 -0.6655 0.3125
45.73 4.7917 -0.5899 0.2354
45.85 4.7859 -0.5108 0.1837
46.25 4.8223 -0.6139 -0.1361
46.34 4.8855 -0.6479 -0.1986
46.46 4.8760 -0.7131 -0.3046
46.52 4.8864 -0.7624 -0.3809
46.57 4.8894 -0.7009 -0.4155
46.66 4.8891 -0.7553 -0.5048
46.70 4.9240 -0.7056 -0.5473
46.79 4.9212 -0.7616 -0.6332
46.82 4.9303 -0.8232 -0.7098
46.83 4.9457 -0.8719 -0.7723
46.88 5.0262 -0.7596 -0.8680
46.91 5.0955 -0.8491 -0.9418
46.96 5.3108 -0.9511 -1.0624
46.97 5.4369 -0.9623 -1.1402
47.02 5.5907 -0.9353 -1.2893
47.03 5.6470 -0.9267 -1.3088
47.07 5.7161 -0.9173 -1.3952
47.14 5.6655 -0.9275 -1.3877
47.19 5.6013 -0.9487 -1.4256
47.20 5.1541 -0.6420 -1.3370
47.21 5.1008 -0.6535 -1.3596
47.23 5.0227 -0.6778 -1.3817
47.27 4.9715 -0.6977 -1.3920
47.33 4.1125 -0.0815 -1.2883
47.35 4.0349 -0.0955 -1.3057
47.38 3.9844 -0.1064 -1.3147
47.41 3.8996 -0.1288 -1.3330
47.44 4.1156 -1.1171 -1.1686
47.48 4.0482 -1.1672 -1.1892
47.51 3.9820 -1.2185 -1.2222
47.55 5.0551 -1.0514 -1.0930
47.59 5.0388 -1.1116 -1.1027
47.64 5.2264 -1.0081 -1.0472
47.69 5.2380 -1.0678 -1.0754
47.75 5.2449 -1.1175 -1.0809
47.77 5.2889 -1.0724 -1.0407
47.84 5.3005 -1.1261 -1.0425
47.92 5.3282 -1.1895 -0.9585
48.04 5.3161 -1.2447 -0.9380
48.11 5.2521 -1.2603 -0.9390
48.20 5.2406 -1.2082 -0.9316
48.31 5.2683 -1.2576 -0.9251
48.35 5.3567 -1.1651 -0.9476
48.48 5.4472 -1.2689 -0.9523
48.54 5.4834 -1.3054 -0.9543
48.60 5.5183 -1.3454 -0.9557
48.64 5.5767 -1.3904 -0.9727
48.70 5.6088 -1.4299 -0.9911
48.76 5.6485 -1.4725 -0.9630
48.83 5.7031 -1.5053 -0.9481
48.89 5.5113 -1.5954 -0.9654
48.96 5.5378 -1.6538 -0.9522
49.11 5.5498 -1.7142 -0.9618
49.21 5.5484 -1.7738 -1.0285
49.28 5.5920 -1.8149 -1.0674
49.40 5.5776 -1.7599 -1.0994
49.43 5.6304 -1.7959 -1.1026
49.45 5.6821 -1.8122 -1.1051
49.46 5.7490 -1.8438 -1.1069
49.47 5.7904 -1.8801 -1.1142
49.49 5.8841 -1.9004 -1.0728
49.50 5.9547 -1.8973 -1.0439
49.55 6.0410 -1.9045 -1.0299
49.55 6.1683 -1.8956 -1.0919
49.55 6.2481 -1.8679 -1.0578
49.58 6.3889 -1.8492 -0.9957
49.62 6.4701 -1.6856 -0.9303
49.72 6.4176 -1.6965 -0.8297
49.76 6.1004 -2.1450 -0.8429
49.82 6.0654 -2.1843 -0.8269
49.86 5.0699 -1.7991 -0.8525
49.90 5.0183 -1.8236 -0.8592
49.94 4.9635 -1.8495 -0.8772
49.99 5.0504 -2.3013 -0.9437
50.02 4.9974 -2.3399 -0.9743
50.06 4.9403 -2.3803 -0.9886
50.07 5.5407 -2.2002 -1.0485
50.13 5.5127 -2.2432 -1.0522
50.20 5.4778 -2.2892 -1.0571
50.22 5.5507 -2.3582 -1.1051
50.28 5.5212 -2.4142 -1.0932
50.34 5.5779 -2.4608 -1.1121
50.40 5.5507 -2.5245 -1.1113
50.46 5.5200 -2.5863 -1.0786
50.50 5.5683 -2.5283 -1.1037
50.58 5.5426 -2.5828 -1.0886
50.67 5.4947 -2.6835 -1.0682
50.68 5.4567 -2.6399 -1.0892
50.74 5.4256 -2.7190 -1.0426
50.80 5.5241 -2.7150 -1.0316
50.84 5.5025 -2.7683 -1.0271
50.86 5.6118 -2.7258 -1.0529
50.95 5.7174 -2.6345 -1.0940
51.02 5.7734 -2.5961 -1.0816
51.06 5.7937 -2.4799 -1.1165
51.11 5.8471 -2.4442 -1.1172
51.17 5.9123 -2.4052 -1.1062
51.19 5.9107 -2.5837 -1.1307
51.22 5.9635 -2.5641 -1.1348
51.27 6.0173 -2.5447 -1.1118
51.34 6.1467 -2.6628 -1.1085
51.37 6.2625 -2.6579 -1.0938
51.38 6.1752 -2.9112 -1.0959
51.39 6.2778 -2.9507 -1.0721
51.40 6.4254 -2.9993 -1.0558
51.41 6.6586 -3.0952 -1.0333
51.46 6.7338 -3.1311 -1.0286
51.48 6.8549 -3.1824 -1.0212
51.50 6.4783 -3.5227 -1.0399
51.55 6.5397 -3.5658 -1.0375
51.56 6.5824 -3.5947 -1.0370
51.62 6.2449 -3.6793 -1.0609
51.63 6.3080 -3.7349 -1.0716
51.65 6.3465 -3.7673 -1.0745
51.68 6.1026 -3.7367 -1.1077
51.72 6.1448 -3.7802 -1.1304
51.76 6.1867 -3.8210 -1.1332
51.80 5.9625 -3.1041 -1.1663
51.86 6.0130 -3.1117 -1.1620
51.94 5.9586 -3.2744 -1.1896
51.99 6.0237 -3.3110 -1.1658
52.03 5.9881 -3.3854 -1.1657
52.07 6.0350 -3.4176 -1.1731
52.11 6.1296 -3.4745 -1.1164
52.14 6.1819 -3.5036 -1.0839
52.16 5.9921 -3.5604 -1.1008
52.27 6.0384 -3.6054 -1.0838
52.29 6.0982 -3.6562 -1.0759
52.31 6.1499 -3.6929 -1.0499
52.32 5.9417 -3.7087 -1.0706
52.34 5.9807 -3.7425 -1.0450
52.38 6.0304 -3.7806 -1.0151
52.43 5.8473 -3.6922 -1.0332
52.47 5.8990 -3.7322 -1.0189
52.55 5.8554 -3.5665 -1.0623
52.60 5.9623 -3.5882 -1.0664
52.63 6.0842 -3.6784 -1.0868
52.68 6.1349 -3.6815 -1.0842
52.74 6.0858 -3.8579 -1.1149
52.78 6.1411 -3.8724 -1.1073
52.80 6.2133 -3.8811 -1.0944
52.86 6.2800 -3.8838 -1.0746
52.90 6.0890 -3.7954 -1.1002
52.98 6.1505 -3.7866 -1.0545
53.03 5.9800 -3.7579 -1.0705
53.10 6.0283 -3.7448 -1.0551
53.18 6.0898 -3.7265 -1.0347
53.19 6.0706 -3.9456 -1.0520
53.26 6.1327 -3.9506 -1.0298
53.32 5.8821 -4.1322 -1.0517
53.41 5.9263 -4.1677 -1.0872
53.47 5.9930 -4.1909 -1.1119
53.55 6.0126 -4.2805 -1.1292
53.59 6.0629 -4.3072 -1.1287
53.65 6.0707 -4.3761 -1.1380
53.70 6.1237 -4.3981 -1.0850
53.76 6.1745 -4.4016 -1.0697
53.81 6.2415 -4.3897 -0.9727
53.87 6.1395 -4.4015 -0.9421
53.89 6.1942 -4.3950 -0.8962
53.94 6.2793 -4.3834 -0.8576
53.95 6.3415 -4.3800 -0.8407
53.97 6.4057 -4.3776 -0.8223
53.99 6.2660 -4.5004 -0.8318
54.02 6.3312 -4.5060 -0.8028
54.04 6.1918 -4.5804 -0.8160
54.08 6.2472 -4.5899 -0.7968
54.14 6.3193 -4.6664 -0.8146
54.21 6.3831 -4.6809 -0.8311
54.26 6.1553 -4.8304 -0.8674
54.32 6.2305 -4.8813 -0.8536
54.33 6.2752 -4.9097 -0.8474
54.35 6.3294 -4.9375 -0.8373
54.37 6.4291 -4.9791 -0.8192
54.39 6.5018 -5.0023 -0.8103
54.41 6.3926 -4.8497 -0.8379
54.43 6.4558 -4.8482 -0.8311
54.45 6.5138 -4.8466 -0.8265
54.50 6.6769 -4.9857 -0.8446
54.55 6.7433 -4.9947 -0.8333
54.59 6.8036 -5.0032 -0.8445
54.62 6.8557 -5.0088 -0.8246
54.65 6.8118 -5.3289 -0.8434
54.73 6.8953 -5.3611 -0.8151
54.74 6.9531 -5.3814 -0.8027
54.76 6.3353 -4.9272 -0.8288
54.84 6.3901 -4.8852 -0.7945
54.88 6.0952 -5.1074 -0.8210
55.02 6.0402 -5.0985 -0.8318
55.08 6.0090 -5.0442 -0.9432
55.10 6.0442 -4.9757 -1.0702
55.12 6.0608 -4.9165 -1.0923
55.15 6.5284 -4.8490 -1.1682
55.17 6.5567 -4.7843 -1.1627
55.19 6.6228 -4.6495 -1.1644
55.20 6.7092 -4.4839 -1.1707
55.22 6.8290 -4.2503 -1.1683
55.24 7.0511 -3.7611 -1.1777
55.28 7.1356 -3.5600 -1.1724
55.28 7.3933 -3.5136 -1.2022
55.30 7.4789 -3.3394 -1.1997
55.30 7.5169 -3.2629 -1.1984
55.32 7.6126 -3.0766 -1.1931
55.35 7.9902 -3.3287 -1.2135
55.36 8.0953 -3.1676 -1.2057
55.38 8.2067 -2.9944 -1.1943
55.39 8.2611 -2.9106 -1.1896
55.40 8.3341 -2.7995 -1.2152
55.42 8.3852 -2.7245 -1.2163
55.45 8.4630 -2.6087 -1.1945
55.48 7.1971 -3.0384 -1.1897
55.49 7.2290 -2.9724 -1.1772
55.50 7.2617 -2.9058 -1.1707
55.52 7.2957 -2.8378 -1.1687
55.56 7.3468 -2.7360 -1.1677
55.58 7.4004 -2.6334 -1.1646
55.65 6.5143 -5.0915 -1.1670
55.66 6.5863 -5.0226 -1.1600
55.70 6.5113 -5.6127 -1.1461
55.73 6.5804 -5.6144 -1.1395
55.76 6.6458 -5.6105 -1.1361
55.78 6.7081 -5.6051 -1.1311
55.80 6.8133 -5.6059 -1.1418
55.81 6.9563 -5.6366 -1.1455
55.83 7.0647 -5.6756 -1.1511
55.86 7.1864 -5.7160 -1.1632
55.88 6.8633 -5.8516 -1.1529
55.90 6.9865 -5.9019 -1.2032
55.92 7.0740 -5.9194 -1.2576
55.95 7.1792 -5.9225 -1.2988
55.96 7.4556 -5.9234 -1.3949
55.98 7.9858 -5.9077 -1.5000
55.98 8.4454 -5.8655 -1.5270
56.00 9.1430 -5.7503 -1.6021
56.03 9.3426 -6.2988 -1.6155
56.04 9.4475 -6.2836 -1.6162
56.06 9.7539 -6.2281 -1.6275
56.08 10.2617 -6.1195 -1.6330
56.10 10.6878 -6.0173 -1.6382
56.12 11.0106 -5.9414 -1.6439
56.14 11.2995 -5.8722 -1.6381
56.15 11.4045 -5.8450 -1.6370
56.18 11.6931 -5.7679 -1.6305
56.21 11.8478 -5.7262 -1.6271
56.23 12.1450 -5.6450 -1.6175
56.24 11.4457 -5.7620 -1.6251
56.26 11.6777 -5.7018 -1.6467
56.27 11.8227 -5.6602 -1.6544
56.28 12.0510 -5.5924 -1.6480
56.30 12.3686 -5.4915 -1.6355
56.32 12.4698 -5.4580 -1.6369
56.35 12.5971 -5.4144 -1.6329
56.37 11.7304 -4.1610 -1.6626
56.39 11.8553 -4.0998 -1.6676
56.41 12.0390 -4.0077 -1.6753
56.43 12.2428 -3.9044 -1.6963
56.46 12.3233 -3.8630 -1.7064
56.49 8.1281 -4.7701 -1.6980
56.51 8.2236 -4.6651 -1.7173
56.52 8.3933 -4.4536 -1.7562
56.53 8.4810 -4.3363 -1.7862
56.54 8.5127 -4.2955 -1.7961
56.57 8.5570 -4.2377 -1.8043
56.58 8.5921 -4.1910 -1.8119
56.60 8.6363 -4.1339 -1.8196
56.64 6.1485 -5.6436 -1.7902
56.67 6.1307 -5.5604 -1.8019
56.68 6.1248 -5.5067 -1.8196
56.71 6.2097 -5.7125 -1.7886
56.78 6.2147 -5.6608 -1.8100
56.82 6.2243 -5.6044 -1.8047
56.85 6.2418 -5.5317 -1.7972
56.87 6.3499 -5.7376 -1.7659
56.91 6.3785 -5.6763 -1.7677
56.93 6.7038 -5.9320 -1.7371
56.96 6.7518 -5.8743 -1.7266
57.01 6.7913 -5.8221 -1.7162
57.05 6.8238 -5.7772 -1.7020
57.08 6.8886 -5.6886 -1.6861
57.09 6.9195 -5.6467 -1.6702
57.11 6.7228 -5.7569 -1.6390
57.17 6.7635 -5.6819 -1.6096
57.22 6.6134 -5.8026 -1.5655
57.27 6.6402 -5.7411 -1.5541
57.32 6.6693 -5.6787 -1.5497
57.36 6.4126 -5.9161 -1.5309
57.43 6.4320 -5.8537 -1.5235
57.45 6.4487 -5.8066 -1.5154
57.47 6.4297 -6.1615 -1.4984
57.59 6.4960 -6.1825 -1.4633
57.69 6.5462 -6.1428 -1.4294
57.71 6.5934 -6.1209 -1.3995
57.79 6.6335 -6.0786 -1.3722
57.92 6.6837 -6.0515 -1.3209
57.99 6.6500 -6.1266 -1.2955
58.09 6.6931 -6.0863 -1.2866
58.14 6.5973 -6.1040 -1.2781
58.22 6.6510 -6.0500 -1.2723
58.25 6.5100 -6.2693 -1.2601
58.33 6.5537 -6.2354 -1.2422
58.38 6.5136 -6.3548 -1.2345
58.45 6.5561 -6.3211 -1.2385
58.51 6.5931 -6.3647 -1.2288
58.54 6.6367 -6.3401 -1.2200
58.63 6.6821 -6.3775 -1.2148
58.73 6.7412 -6.3613 -1.2005
58.75 6.7098 -6.4425 -1.1994
58.87 6.5802 -6.6223 -1.1984
58.89 6.6261 -6.6630 -1.1469
58.91 6.6931 -6.7186 -1.1017
58.95 6.7473 -6.7811 -1.0703
58.98 6.6394 -6.8936 -1.0691
59.05 6.6583 -6.9491 -1.0429
59.11 6.5688 -7.0832 -1.0275
59.20 6.5822 -7.1486 -1.0095
59.24 6.5945 -7.2031 -1.0168
59.25 6.6696 -7.2691 -1.0425
59.28 6.6952 -7.3231 -1.0615
59.33 6.7244 -7.3819 -1.0464
59.37 6.5529 -6.8849 -1.0445
59.46 6.8243 -7.0725 -1.0192
59.51 6.8655 -7.1089 -0.9927
59.56 6.9035 -7.1432 -0.9590
59.62 6.8566 -7.1238 -0.9317
59.68 6.8994 -7.1646 -0.8787
59.74 6.8338 -7.1654 -0.8522
59.85 6.7486 -7.2485 -0.8124
59.90 6.7818 -7.2998 -0.7484
59.98 6.8195 -7.3399 -0.7223
60.03 6.8469 -7.3852 -0.7002
60.09 6.9206 -7.3632 -0.7159
60.18 6.9656 -7.3976 -0.7125
60.25 7.0151 -7.4367 -0.6999
60.29 7.0856 -7.4746 -0.7097
60.37 7.1510 -7.5256 -0.6959
60.39 7.1979 -7.5596 -0.6844
60.45 7.2521 -7.5992 -0.6744
60.48 7.1240 -7.4943 -0.6864
60.52 7.1691 -7.5249 -0.6587
60.59 7.2274 -7.5618 -0.6450
60.65 7.2729 -7.5898 -0.6328
60.78 7.3373 -7.6062 -0.6195
60.79 7.2189 -7.7650 -0.6249
60.85 7.2577 -7.8047 -0.6178
60.92 7.0974 -7.7334 -0.6262
61.01 7.1273 -7.7748 -0.6458
61.03 7.1742 -7.6809 -0.6592
61.13 7.2244 -7.7289 -0.6631
61.15 7.3709 -7.7236 -0.6783
61.24 7.4234 -7.7519 -0.6708
61.30 7.4117 -7.8663 -0.6809
61.37 7.4533 -7.9069 -0.6619
61.44 7.3680 -7.8930 -0.6609
61.51 7.3995 -7.9350 -0.6513
61.59 7.3215 -7.9539 -0.6409
61.69 7.3532 -8.0010 -0.6200
61.75 7.3805 -8.1036 -0.6024
61.82 7.4072 -8.1525 -0.5915
61.84 7.4447 -8.1957 -0.5717
61.87 7.4897 -8.2321 -0.5483
61.89 7.5410 -8.2488 -0.5279
61.91 7.6877 -8.1919 -0.5198
61.95 7.7420 -8.2081 -0.5090
62.01 7.8439 -7.9834 -0.5037
62.06 7.9088 -7.9840 -0.4839
62.14 7.9983 -7.9842 -0.4465
62.19 8.0191 -7.8911 -0.4451
62.24 8.0747 -7.8829 -0.4047
62.26 8.1553 -7.8710 -0.3785
62.29 7.9431 -7.8730 -0.3760
62.34 7.9954 -7.8639 -0.3521
62.42 8.0582 -7.8515 -0.3335
62.47 7.6156 -8.1471 -0.3307
62.61 7.6657 -8.1614 -0.2971
62.63 7.5483 -8.2099 -0.3164
62.77 7.6762 -8.1005 -0.3082
62.90 7.7333 -8.0990 -0.2934
62.95 7.7833 -8.0953 -0.3051
63.22 7.8256 -8.1279 -0.2750
63.25 7.7665 -8.1793 -0.2901
63.34 7.8239 -8.2311 -0.2344
63.37 7.6632 -8.4166 -0.2352
63.43 7.6930 -8.4806 -0.2033
63.50 7.7301 -8.3490 -0.2149
63.59 7.8613 -8.3244 -0.2117
63.71 7.8008 -8.2435 -0.2262
63.92 7.8745 -8.2237 -0.1980
63.95 7.7950 -8.0941 -0.2152
63.99 7.8414 -8.0402 -0.2087
64.03 7.8901 -8.0075 -0.2004
64.07 7.9285 -8.1643 -0.2126
64.15 7.9689 -8.1214 -0.1767
64.20 8.0120 -8.0879 -0.1522
64.23 8.0767 -8.0654 -0.1245
64.27 8.0152 -8.1925 -0.0941
64.28 8.0830 -8.1868 -0.0725
64.31 8.1496 -8.1708 -0.0789
64.36 8.1308 -8.3739 -0.1024
64.41 8.1989 -8.3617 -0.0862
64.47 8.2501 -8.3449 -0.0837
64.51 8.0043 -8.0898 -0.1068
64.59 8.0546 -8.0425 -0.0948
64.63 8.3944 -8.0637 -0.1180
64.69 8.4373 -8.0291 -0.1105
64.75 8.4769 -7.9930 -0.0953
64.81 7.8062 -8.1167 -0.1230
64.83 7.7726 -8.0582 -0.1224
64.85 7.7310 -8.0261 -0.1218
64.90 7.6828 -8.2955 -0.1476
64.98 7.6234 -8.2917 -0.1420
65.08 7.5260 -8.2887 -0.1614
65.11 7.4708 -8.2723 -0.1337
65.14 7.4148 -8.2580 -0.1334
65.19 7.3302 -8.2154 -0.1284
65.25 7.3703 -8.3170 -0.1494
65.27 7.3138 -8.2736 -0.1390
65.29 7.2456 -8.2077 -0.1255
65.31 7.1994 -8.1597 -0.1175
65.32 7.0608 -7.9985 -0.0879
65.35 6.9302 -7.7676 -0.0552
65.37 7.6763 -7.3072 -0.0586
65.38 7.6835 -7.2166 -0.0485
65.40 7.7062 -7.0127 -0.0183
65.44 7.7359 -6.7495 0.0188
65.45 7.7397 -6.6839 0.0288
65.49 7.8358 -6.6140 0.0154
65.51 7.8501 -6.4983 0.0380
65.52 7.8655 -6.3650 0.0532
65.54 7.8759 -6.2207 0.0212
65.56 7.8789 -6.1326 0.0296
65.60 7.8804 -6.0477 0.0411
65.64 7.8806 -5.9950 0.0431
65.67 7.9674 -6.9217 0.0256
65.72 7.9700 -6.8509 0.0277
65.77 7.9748 -6.7797 0.0332
65.83 8.1915 -7.8274 0.0130
65.98 7.6011 -8.5955 0.0019
66.02 7.5720 -8.6425 0.0097
66.08 7.5405 -8.6965 0.0166
66.14 7.8532 -8.3408 -0.0134
66.25 7.9203 -8.3092 -0.0067
66.30 7.9751 -8.2975 0.0035
66.31 8.0267 -8.2915 0.0232
66.35 7.9995 -8.2470 0.0084
66.37 8.0900 -8.3319 0.0026
66.39 8.0918 -8.3993 0.0013
66.41 8.0672 -8.5212 -0.0026
66.43 8.0483 -8.5939 -0.0188
66.46 8.0322 -8.6701 -0.0152
66.48 8.0099 -8.7569 -0.0052
66.49 7.9753 -8.8622 0.0009
66.51 7.9213 -8.9988 0.0056
66.54 7.8734 -9.0488 -0.0071
66.57 7.8516 -9.1045 -0.0045
66.60 7.8325 -9.1614 -0.0012
66.64 7.8124 -9.2259 0.0071
66.69 7.5004 -9.4973 -0.0123
66.72 7.4780 -9.5578 -0.0111
66.76 7.4463 -9.6454 -0.0008
66.80 7.4272 -9.7038 0.0109
66.86 7.2692 -8.8246 -0.0086
66.88 7.2368 -8.8658 0.0077
66.90 7.2051 -8.9159 0.0421
66.91 7.1786 -8.9773 0.0567
66.96 8.0448 -8.2861 0.0378
67.03 8.1224 -8.2696 0.0802
67.07 8.2244 -8.2659 0.1216
67.09 8.3163 -8.2754 0.1460
67.12 8.1401 -8.1567 0.1296
67.15 8.2162 -8.1461 0.1498
67.22 8.2715 -8.1450 0.1702
67.30 8.2151 -8.0278 0.1594
67.43 8.2271 -8.0776 0.1526
67.46 7.7854 -8.4052 0.1397
67.47 7.7447 -8.4583 0.1474
67.49 7.7127 -8.5029 0.1569
67.50 7.6849 -8.5530 0.1632
67.51 7.6628 -8.6108 0.1682
67.53 7.6455 -8.6627 0.1753
67.57 7.6234 -8.7466 0.1749
67.61 7.2767 -8.8013 0.1500
67.65 7.2478 -8.8873 0.1439
67.68 7.2256 -8.9700 0.1330
67.71 7.6475 -8.9060 0.0938
67.75 7.6455 -8.9790 0.0856
67.82 7.6425 -9.0905 0.0749
67.84 7.8993 -8.7598 0.0502
67.85 7.9059 -8.8172 0.0594
67.90 7.9116 -8.9272 0.0687
67.93 7.9181 -9.0319 0.0652
67.95 7.9391 -9.1804 0.0622
67.98 7.9153 -8.7477 0.0431
68.01 7.9274 -8.8005 0.0495
68.05 7.9491 -8.8968 0.0615
68.10 7.9653 -8.9582 0.0695
68.13 7.8660 -8.6673 0.0540
68.18 7.8807 -8.7351 0.0734
68.23 7.8626 -8.5007 0.0676
68.27 7.8757 -8.5544 0.0723
68.34 7.8892 -8.6246 0.1012
68.38 7.8779 -8.4594 0.0931
68.43 7.8859 -8.5142 0.1105
68.52 7.8318 -8.4873 0.1150
68.60 7.8350 -8.5375 0.1281
68.66 7.7583 -8.5452 0.1381
68.73 7.7422 -8.5997 0.1539
68.80 7.7269 -8.6498 0.1643
68.83 7.7056 -8.7119 0.1880
68.85 7.7104 -8.4191 0.1821
68.94 7.6769 -8.4566 0.2130
69.01 7.7111 -8.3252 0.2351
69.08 7.6617 -8.3736 0.3218
69.14 7.6747 -8.2861 0.3515
69.20 7.6308 -8.3214 0.4008
69.28 7.5814 -8.3662 0.4313
69.30 7.6503 -8.3988 0.4204
69.39 7.6105 -8.4496 0.4385
69.48 7.7249 -8.5070 0.4293
69.50 7.7056 -8.5907 0.4269
69.53 7.7050 -8.6861 0.4276
69.55 7.6960 -8.7593 0.4536
69.57 7.6326 -8.9347 0.5473
69.61 7.5949 -9.0262 0.5614
69.61 7.5356 -9.1197 0.5613
69.64 7.4934 -9.1734 0.5696
69.64 7.4514 -9.2223 0.5781
69.65 7.4067 -9.2805 0.5915
69.70 7.3664 -9.3372 0.6061
69.73 7.4395 -8.9937 0.5969
69.78 7.4019 -9.0324 0.6179
69.83 7.3644 -9.0721 0.6394
69.88 7.3478 -8.6279 0.6638
69.96 7.2869 -8.6335 0.6890
70.03 7.1334 -8.5455 0.6962
70.07 7.0752 -8.5342 0.7041
70.18 7.0115 -8.5155 0.7002
70.25 7.9025 -7.9959 0.6738
70.29 7.9063 -7.9457 0.6760
70.33 7.8174 -8.3085 0.6465
70.35 7.7628 -8.2965 0.6388
70.36 7.7329 -8.2246 0.6599
70.37 7.7178 -8.1482 0.6638
70.39 7.7125 -8.0916 0.6609
70.43 7.7029 -8.0239 0.6564
70.48 7.7167 -7.8969 0.6329
70.51 7.7072 -7.8456 0.6311
70.57 7.6974 -7.7921 0.6303
70.61 7.6855 -7.7323 0.6264
70.64 7.7461 -7.6912 0.6046
70.68 7.7364 -7.6197 0.6029
70.71 7.7275 -7.5538 0.5975
70.74 7.8584 -7.6793 0.5723
70.77 7.8520 -7.6272 0.5656
70.84 7.8446 -7.5740 0.5638
70.88 7.8250 -8.1705 0.5342
71.07 7.8654 -8.2169 0.4289
71.41 7.8774 -8.1679 0.3218
71.55 7.8252 -8.1246 0.3111
71.68 7.7877 -8.0878 0.3005
71.71 7.8162 -8.1358 0.2892
71.79 7.7786 -8.0953 0.2820
71.85 7.8074 -8.2624 0.2639
71.97 7.7889 -8.3134 0.2396
72.11 7.8124 -8.2615 0.2323
72.15 7.8025 -8.1610 0.2043
72.17 7.8110 -8.0437 0.1999
72.22 7.8167 -7.9676 0.1928
72.26 7.8140 -7.9127 0.1940
72.31 7.9009 -7.8049 0.1916
72.35 7.9011 -7.7472 0.1952
72.42 7.9003 -7.6843 0.2022
72.44 7.9998 -7.6068 0.1984
72.46 8.0043 -7.5532 0.2038
72.52 8.0043 -7.4931 0.1882
72.56 7.9439 -7.8893 0.1803
72.65 7.9233 -7.8361 0.1872
72.71 7.7274 -8.2084 0.1808
72.79 7.6769 -8.1959 0.1924
72.86 7.6226 -8.1857 0.2015
72.93 7.5619 -8.1743 0.2004
72.94 7.5021 -8.1666 0.1978
72.96 7.6242 -8.3561 0.1929
73.03 7.5494 -8.3762 0.1865
73.06 7.4898 -8.3909 0.1793
73.12 7.4806 -8.2707 0.1615
73.16 7.3868 -8.2556 0.1524
73.20 7.3181 -8.2434 0.1485
73.21 7.6616 -8.1702 0.1446
73.23 7.6001 -8.1422 0.1451
73.26 7.5180 -8.1041 0.1467
73.29 7.4132 -8.0547 0.1490
73.33 7.1844 -7.9520 0.1571
73.35 7.0277 -7.8871 0.1603
73.36 7.0824 -7.8881 0.1597
73.38 6.9201 -7.8046 0.1661
73.41 6.8289 -7.7562 0.1696
73.45 6.6717 -7.6305 0.1738
73.46 6.5673 -7.5798 0.1784
73.51 6.5108 -7.5576 0.1801
73.52 6.4245 -7.5255 0.1826
73.53 6.3430 -7.4981 0.1852
73.56 6.2222 -7.4574 0.1878
73.59 6.1116 -7.4214 0.1898
73.62 6.0534 -7.4036 0.1908
73.63 5.9844 -7.3812 0.1916
73.66 6.3061 -7.6488 0.1919
73.70 6.5610 -7.6788 0.1927
73.74 6.4746 -7.5972 0.1925
73.76 6.4191 -7.5423 0.1920
73.78 6.3707 -7.4681 0.1899
73.80 8.8460 -8.7418 0.1836
73.83 8.9054 -8.7497 0.1836
73.87 9.0181 -8.7537 0.1836
73.91 8.4512 -7.9210 0.1797
73.95 8.5211 -7.8436 0.1804
73.97 8.5532 -7.8012 0.1807
74.00 8.6043 -7.7351 0.1809
74.03 8.6794 -7.6468 0.1822
74.04 8.7097 -7.6048 0.1825
74.06 8.6910 -7.7772 0.1789
74.11 8.7233 -7.7293 0.1794
74.16 8.7559 -7.6799 0.1797
74.20 8.1263 -7.8711 0.1754
74.28 8.1379 -7.8109 0.1753
74.32 7.8178 -7.7803 0.1717
74.40 7.8077 -7.7150 0.1723
74.44 7.8495 -8.1834 0.1688
74.59 7.8360 -8.1318 0.1697
74.75 7.8813 -8.2214 0.1644
75.21 7.8897 -8.2801 0.1581
75.76 7.8934 -8.2289 0.1558
76.81 7.8598 -8.1905 0.1500
76.97 7.8823 -8.1386 0.1502
77.01 7.8796 -8.0734 0.1516
77.06 7.8326 -8.1127 0.1518
77.08 7.8143 -8.0586 0.1523
77.11 7.7983 -8.0092 0.1523
77.15 7.7667 -7.9022 0.1533
77.17 7.7174 -7.7657 0.1541
77.19 7.6850 -7.6800 0.1544
77.21 7.6605 -7.6162 0.1548
77.29 7.6368 -7.5413 0.1556
77.29 7.6104 -7.4677 0.1557
77.35 7.6223 -7.3660 0.1556
77.37 7.5992 -7.2876 0.1558
77.39 7.5288 -7.0128 0.1559
77.41 7.5133 -6.9424 0.1559
77.44 7.4909 -6.8303 0.1565
77.45 7.4617 -6.6345 0.1573
77.48 7.4404 -6.3602 0.1588
77.49 7.4324 -6.2340 0.1595
77.50 7.4283 -6.0844 0.1598
77.53 7.4018 -6.4213 0.1585
77.53 7.4096 -6.3552 0.1586
77.55 7.4175 -6.2722 0.1594
77.58 7.4256 -6.1565 0.1604
77.59 7.4274 -6.0987 0.1603
77.60 7.4295 -6.0087 0.1610
77.62 7.7916 -6.8512 0.1594
77.66 7.8046 -6.7915 0.1596
77.71 7.8177 -6.7349 0.1598
77.75 8.4213 -8.2143 0.1577
77.84 8.4840 -8.2072 0.1581
77.90 8.5371 -8.1990 0.1585
77.94 8.2127 -8.4457 0.1563
78.03 8.2688 -8.4548 0.1570
78.07 7.8712 -8.1386 0.1548
78.16 7.8732 -8.0797 0.1549
# session 2026-07-10 08:44:59
1.45 -0.3328 -0.5059 0.0811
1.50 0.0392 0.7553 0.2691
1.58 -0.0846 -0.0168 0.1465
1.65 -0.0181 0.0823 0.1357
1.87 0.0267 0.1111 0.1381
1.92 -0.0224 0.0954 0.1357
2.28 -0.0698 0.1114 0.1403
2.46 -0.0191 0.1104 0.1387
2.80 -0.0146 0.0594 0.1394
3.21 -0.0201 0.1104 0.1377
3.59 -0.0592 0.1480 0.1347
3.84 0.0026 0.1373 0.1321
4.04 0.0030 0.0662 0.1301
4.30 -0.0406 0.1105 0.1274
4.60 -0.0448 0.0580 0.1330
4.60 -0.0150 0.0119 0.1335
4.64 0.0360 -0.0655 0.1346
4.69 0.1944 -0.1915 0.1325
4.73 0.2469 -0.2641 0.1336
4.76 0.2777 -0.3060 0.1344
4.78 0.3152 -0.3576 0.1351
4.81 0.2732 -0.4556 0.1335
4.87 0.3017 -0.5010 0.1342
4.89 0.3324 -0.5495 0.1348
4.92 0.2810 -0.2675 0.1318
5.01 0.3151 -0.3079 0.1327
5.04 0.3681 -0.3740 0.1338
5.07 0.0286 -0.0021 0.1308
5.10 -0.0656 0.0191 0.1283
5.20 0.0022 0.0350 0.1262
5.27 -0.0362 0.0007 0.1263
5.49 -0.0098 0.0619 0.1255
5.58 -0.0750 0.1285 0.1237
5.86 -0.0192 0.1170 0.1196
6.27 -0.0685 0.0887 0.1181
6.98 -0.0567 0.0388 0.1157
7.09 -0.0473 0.1038 0.1154
8.42 -0.0810 0.1445 0.1154
8.63 -0.0427 0.0951 0.1154
11.53 -0.0018 0.0610 0.1159
11.56 -0.0538 0.0818 0.1159
12.06 -0.0974 0.1200 0.1165
12.37 -0.0458 0.1000 0.1161
13.82 -0.0745 0.0571 0.1141
13.92 -0.0274 0.0933 0.1137
16.46 -0.0425 0.0351 0.1120
16.50 -0.0249 -0.0155 0.1125
16.68 0.0056 -0.1047 0.1371
16.77 -0.0218 0.0542 0.1071
16.96 -0.0573 0.0904 0.1063
17.36 -0.0974 0.1330 0.1070
17.46 -0.0840 0.1877 0.1067
17.52 -0.1289 0.2839 0.1078
17.56 -0.1656 0.3352 0.1086
17.60 -0.1984 0.3875 0.1091
17.63 -0.1658 0.2938 0.1096
17.66 -0.2206 0.3649 0.1116
17.71 -0.1539 0.2463 0.1104
17.75 -0.1919 0.2829 0.1107
17.78 -0.1105 0.0568 0.1099
17.90 -0.0688 0.0184 0.1105
17.96 -0.0720 0.1129 0.1094
18.04 -0.0564 0.0593 0.1095
18.50 -0.0268 0.1005 0.1062
18.82 -0.0609 0.1615 -0.0385
18.94 -0.0948 0.2729 -0.1522
18.97 -0.1235 0.3429 -0.2025
19.02 -0.2059 0.4210 -0.2620
19.04 -0.2919 0.4954 -0.2983
19.06 -0.3354 0.5463 -0.3154
19.07 -0.3993 0.5934 -0.3337
19.09 -0.4749 0.6411 -0.3530
19.10 -0.6250 0.5203 -0.3608
19.14 -0.6882 0.5472 -0.3728
19.15 -0.7641 0.5808 -0.3866
19.21 -0.8199 0.6053 -0.3965
19.23 -0.8863 0.6334 -0.4118
19.24 -0.7950 0.4325 -0.4200
19.26 -0.8711 0.4520 -0.4341
19.27 -0.9234 0.4621 -0.4423
19.31 -0.7373 0.3120 -0.4298
19.35 -0.8155 0.3187 -0.4426
19.41 -0.8922 0.3218 -0.4765
19.42 -0.2455 0.1340 -0.4515
19.50 -0.1925 -0.0004 -0.4624
19.57 -0.1312 -0.0465 -0.4689
19.67 -0.0828 0.0104 -0.4744
19.82 -0.1054 -0.0418 -0.5320
19.89 -0.0113 -0.0144 -0.5338
19.93 0.0690 0.0186 -0.6077
19.95 0.0991 -0.0633 -0.6686
19.96 0.0953 -0.1630 -0.7049
19.97 0.0396 -0.2438 -0.7456
20.00 -0.0070 -0.3332 -0.7894
20.01 0.1517 -0.3344 -0.7960
20.05 0.1463 -0.3958 -0.8287
20.08 0.2568 -0.4073 -0.8336
20.15 -0.0218 -0.5311 -0.8231
20.24 -0.0407 -0.5868 -0.8102
20.33 0.0591 0.0337 -0.7476
20.41 0.2049 -0.0977 -0.6635
20.46 0.2512 -0.1567 -0.5850
20.50 0.3135 -0.2650 -0.5388
20.52 0.3806 -0.3621 -0.5825
20.58 0.4042 -0.4072 -0.5886
20.62 0.5701 -0.4088 -0.5457
20.66 0.6066 -0.4451 -0.5289
20.68 0.7782 -0.5170 -0.4966
20.73 0.5341 -0.1990 -0.4654
20.83 0.5941 -0.2008 -0.4062
20.92 0.4751 0.0006 -0.3447
20.99 0.5062 -0.0429 -0.2937
21.10 0.5992 -0.0783 -0.2519
21.18 0.5912 -0.1836 -0.2320
21.26 0.6439 -0.1715 -0.2083
21.30 0.6954 -0.1617 -0.2045
21.33 0.7542 -0.1510 -0.1997
21.40 0.8040 -0.1416 -0.2103
21.50 0.8601 -0.1203 -0.1972
21.55 0.9145 -0.0535 -0.1813
21.64 0.9176 0.0012 -0.1842
21.71 0.7819 -0.0556 -0.1931
21.83 0.8296 -0.0312 -0.2021
21.89 0.9014 -0.1551 -0.2057
21.95 0.9641 -0.2482 -0.2010
22.04 1.0138 -0.2710 -0.2085
22.12 1.0609 -0.2896 -0.2217
22.14 1.0403 -0.3702 -0.2303
22.20 1.0873 -0.4001 -0.2574
22.26 1.1479 -0.3994 -0.2870
22.30 1.1959 -0.3604 -0.3248
22.37 1.2600 -0.3891 -0.3437
22.39 1.3060 -0.4104 -0.3533
22.43 1.3158 -0.3186 -0.3646
22.55 1.3748 -0.3110 -0.3849
22.62 1.2821 -0.3727 -0.4057
22.66 1.3207 -0.4068 -0.3908
22.73 1.3660 -0.4472 -0.3641
22.79 1.3847 -0.5431 -0.3704
22.85 1.3753 -0.5928 -0.3756
22.93 1.4073 -0.6395 -0.3675
22.99 1.3870 -0.4804 -0.3793
23.11 1.4319 -0.4523 -0.4344
23.21 1.5419 -0.4902 -0.4599
23.28 1.6256 -0.4848 -0.4788
23.33 1.6521 -0.5456 -0.4876
23.43 1.6985 -0.5726 -0.4933
23.49 1.7444 -0.5983 -0.4896
23.53 1.7514 -0.6515 -0.4660
23.59 1.7516 -0.7197 -0.4649
23.67 1.7940 -0.8467 -0.4674
23.70 1.8263 -0.8850 -0.4505
23.75 1.8620 -0.9215 -0.4305
23.81 1.8572 -0.8351 -0.4224
23.87 1.9093 -0.8643 -0.4131
23.89 1.9186 -0.7462 -0.4210
23.97 1.9804 -0.7545 -0.4380
24.05 2.0336 -0.7619 -0.4244
24.12 2.1100 -0.7329 -0.4131
24.17 2.1636 -0.7376 -0.3813
24.23 2.1971 -0.7864 -0.3446
24.25 2.1592 -0.8469 -0.3319
24.33 2.2069 -0.8695 -0.2808
24.41 2.2542 -0.8918 -0.2102
24.43 2.2219 -0.9347 -0.1988
24.58 2.2897 -0.9505 -0.0874
24.69 2.3410 -0.9275 0.0185
24.79 2.3945 -0.9306 0.0540
24.85 2.4420 -0.9107 0.0926
24.89 2.4605 -0.8426 0.1089
24.95 2.5616 -0.8081 0.1396
25.03 2.6173 -0.8471 0.2000
25.11 2.6830 -0.8433 0.2799
25.19 2.7445 -0.8347 0.3748
25.27 2.7674 -0.8988 0.4460
25.35 2.8250 -0.9065 0.5346
25.45 2.7907 -0.8565 0.6238
25.55 2.8411 -0.8418 0.7014
25.67 2.8768 -0.7390 0.7067
25.70 2.9268 -0.7047 0.7576
25.73 2.9780 -0.6801 0.8066
25.76 2.9939 -0.6085 0.8334
25.77 3.0356 -0.5369 0.8836
25.79 3.0553 -0.4724 0.9098
25.84 3.0564 -0.2208 0.9170
25.91 3.0755 -0.1240 0.9367
25.95 3.0868 -0.2068 0.9421
25.96 3.0116 -0.3046 0.9934
25.99 2.9951 -0.2456 0.9908
26.00 2.9844 -0.1799 1.0747
26.08 2.7973 -0.6485 1.2608
26.13 2.8011 -0.7050 1.2997
26.17 2.8036 -0.7725 1.3286
26.24 2.8344 -0.8259 1.3589
26.30 3.6038 -0.7460 1.3428
26.32 3.6515 -0.7649 1.3258
26.33 3.7454 -0.8170 1.2943
26.35 3.3615 -1.0234 1.2499
26.40 3.5231 -0.4287 1.1737
26.45 3.5817 -0.4126 1.1396
26.49 3.2248 -0.4370 1.0733
26.59 3.2964 -0.2847 0.9990
26.69 3.2261 -0.4040 0.9205
26.75 3.2553 -0.3385 0.8500
26.91 3.3968 -0.2916 0.7681
26.99 3.5330 -0.3333 0.7221
27.21 3.5866 -0.3141 0.6018
27.31 3.6299 -0.2669 0.4994
27.41 3.7195 -0.1865 0.4154
27.49 3.7656 -0.1618 0.3353
27.57 3.8107 -0.1845 0.2624
27.67 3.8705 -0.1790 0.1990
27.71 3.8939 -0.2450 0.1853
27.78 3.9499 -0.2508 0.1458
27.83 4.0009 -0.2845 0.1137
27.89 4.0523 -0.2900 0.0962
27.95 4.1219 -0.3186 0.0677
28.01 4.1720 -0.3247 0.0380
28.15 4.0641 -0.2691 -0.0536
28.21 4.1247 -0.2521 -0.0938
28.33 4.2475 -0.2256 -0.1544
28.36 4.3096 -0.2312 -0.1991
28.41 4.3771 -0.2397 -0.2394
28.42 4.4053 -0.2890 -0.2522
28.47 4.4590 -0.2978 -0.2789
28.49 4.4021 -0.3281 -0.2963
28.56 4.4943 -0.3504 -0.2958
28.59 4.5134 -0.4261 -0.3058
28.65 4.5630 -0.4502 -0.3078
28.71 4.3644 -0.4156 -0.3123
28.79 4.4283 -0.4230 -0.3147
28.89 4.2748 -0.3993 -0.3333
29.07 4.3327 -0.3314 -0.3691
29.35 4.3677 -0.3715 -0.4027
29.46 4.3130 -0.3784 -0.3948
29.57 4.2879 -0.4279 -0.4153
29.64 4.2360 -0.4335 -0.4023
29.79 4.1771 -0.4598 -0.3888
29.89 4.3854 -0.3626 -0.3958
29.96 4.3347 -0.3593 -0.3918
29.99 4.3805 -0.3175 -0.3946
30.10 4.3689 -0.3769 -0.3872
30.19 4.3148 -0.3857 -0.3929
30.31 4.3898 -0.4159 -0.4084
30.38 4.3387 -0.4319 -0.3957
30.40 4.3176 -0.4786 -0.3944
30.47 4.2541 -0.4980 -0.3851
30.54 4.3217 -0.4779 -0.3728
30.63 4.2831 -0.5158 -0.3581
30.65 4.4153 -0.4844 -0.3591
30.69 4.5391 -0.4743 -0.3645
30.72 4.5842 -0.5134 -0.3794
30.82 4.6958 -0.5445 -0.3806
30.84 4.7312 -0.5917 -0.3871
30.87 4.7442 -0.6895 -0.3630
30.90 4.6297 -0.6565 -0.3502
30.99 4.5795 -0.6727 -0.3222
31.01 4.3489 -0.5132 -0.3191
31.14 4.0695 -0.2676 -0.2872
31.16 3.9664 -0.2058 -0.2659
31.17 3.8855 -0.1538 -0.2478
31.18 3.7980 -0.0943 -0.2297
31.20 3.6927 -0.0216 -0.2101
31.22 3.6516 0.0081 -0.1981
31.23 4.0848 0.0762 -0.1932
31.27 4.0445 0.1194 -0.1761
31.33 4.2210 0.2462 -0.1668
31.34 4.1955 0.2914 -0.1571
31.35 4.1663 0.3422 -0.1465
31.39 4.2667 0.2062 -0.1382
31.44 4.2361 0.2628 -0.1238
31.47 4.4073 -0.1526 -0.1187
31.53 4.3788 -0.1112 -0.1028
31.55 4.4372 -0.1452 -0.1042
31.63 4.4107 -0.0923 -0.0889
31.72 4.4602 -0.1743 -0.0666
31.79 4.4435 -0.1217 -0.0318
31.81 4.4661 -0.2746 -0.0304
32.17 4.5180 -0.2516 0.1135
32.41 4.5777 -0.3096 0.1368
32.61 4.6376 -0.4029 0.1378
32.84 4.6677 -0.3189 0.0677
32.95 4.6942 -0.2305 0.0443
33.09 4.7465 -0.1841 0.0146
33.17 4.8363 -0.1540 -0.0118
33.23 4.9000 -0.3214 -0.0375
33.35 4.9513 -0.3279 -0.0212
33.43 5.0217 -0.4156 -0.0336
33.52 5.0741 -0.4363 -0.0661
33.55 5.1654 -0.5437 -0.0851
33.58 5.2224 -0.5794 -0.1058
33.63 5.2754 -0.6112 -0.1439
33.65 5.3095 -0.5688 -0.2013
33.67 5.3709 -0.6093 -0.2811
33.71 5.4203 -0.6002 -0.3683
33.75 5.4954 -0.6478 -0.4207
33.78 5.6309 -0.6257 -0.4788
33.85 5.6891 -0.6589 -0.5304
33.89 5.3240 -0.5089 -0.5610
34.01 5.2299 -0.4577 -0.6434
34.13 5.2551 -0.5149 -0.6687
34.23 5.3939 -0.6114 -0.7000
34.33 5.4269 -0.6587 -0.7211
34.37 5.5177 -0.7649 -0.7222
34.45 5.5993 -0.7341 -0.7454
34.51 5.6401 -0.7717 -0.7692
34.55 5.6038 -0.6436 -0.7954
34.65 5.6513 -0.6784 -0.8375
34.69 5.7130 -0.7095 -0.8543
34.77 5.7515 -0.7458 -0.8831
34.82 5.8056 -0.8029 -0.8968
34.87 5.8479 -0.8567 -0.9177
34.95 5.8504 -0.9175 -0.9242
35.01 5.8163 -0.9559 -0.9000
35.09 5.8356 -1.0079 -0.9122
35.12 5.7943 -1.0987 -0.9025
35.17 5.8066 -1.1499 -0.9045
35.24 5.8065 -1.0744 -0.9087
35.31 5.8295 -1.1329 -0.9498
35.33 5.8395 -1.0640 -0.9577
35.39 5.9677 -1.0952 -1.0151
35.47 6.0462 -1.1405 -1.0388
35.55 6.0839 -1.1756 -1.0554
35.61 6.1138 -1.2173 -1.0648
35.67 6.1446 -1.2646 -1.0662
35.77 6.1801 -1.3252 -1.0484
35.85 6.1731 -1.3867 -1.0072
35.87 6.1973 -1.4313 -0.9957
35.89 6.2215 -1.4760 -0.9946
35.93 6.2205 -1.5415 -0.9901
35.97 6.2432 -1.5897 -0.9797
36.03 6.2549 -1.6672 -0.9649
36.07 6.2792 -1.7212 -0.9678
36.15 6.3273 -1.7372 -0.9876
36.25 6.3166 -1.6021 -1.0258
36.30 6.3447 -1.6500 -1.0486
36.37 6.3875 -1.6892 -1.0687
36.40 6.4129 -1.7341 -1.0802
36.41 6.4436 -1.7864 -1.0897
36.42 6.4892 -1.7658 -1.0923
36.50 6.5306 -1.8233 -1.0939
36.54 6.5258 -1.7155 -1.0871
36.62 6.5638 -1.7605 -1.0689
36.67 6.5460 -1.8343 -1.0317
36.73 6.5850 -1.9095 -1.0337
36.78 6.6081 -1.9679 -1.0291
36.86 6.4339 -1.8819 -1.0059
36.91 6.4300 -2.0012 -1.0013
36.93 6.4862 -2.2072 -0.9965
36.94 6.4628 -2.4431 -0.9999
36.96 6.4533 -2.5437 -1.0008
36.97 6.4227 -2.7840 -1.0007
37.00 6.3969 -2.8816 -0.9979
37.01 6.3826 -2.8114 -1.0050
37.03 6.3723 -2.9271 -1.0097
37.07 6.3708 -3.0159 -1.0185
37.09 6.3736 -3.0821 -1.0243
37.12 6.3834 -3.1781 -1.0192
37.14 6.4359 -2.6141 -1.0182
37.19 6.4487 -2.6684 -1.0221
37.20 6.4720 -2.7469 -1.0348
37.21 6.7424 -2.8083 -1.0453
37.22 6.7923 -2.8939 -1.0511
37.26 6.8357 -2.9621 -1.0498
37.29 6.8018 -1.9777 -1.0486
37.37 6.8531 -1.9834 -1.0382
37.41 6.8860 -2.0243 -1.0472
37.49 6.9401 -2.0304 -1.0181
37.54 6.7798 -2.0798 -1.0084
37.61 6.6011 -2.0086 -0.9982
37.80 6.5897 -2.0767 -0.9735
37.91 6.6362 -2.0366 -0.9699
38.05 6.6790 -2.0064 -0.9542
38.13 6.7248 -1.9800 -0.9505
38.15 6.7069 -2.0428 -0.9492
38.27 6.7204 -2.1119 -0.9426
38.53 6.6588 -2.1006 -0.9677
38.91 6.7297 -2.0950 -0.9476
39.11 6.7297 -2.1510 -0.9656
39.19 6.7065 -2.2068 -0.9767
39.33 6.6564 -2.2575 -0.9953
39.59 6.7292 -2.2565 -0.9624
39.69 6.8099 -2.2523 -0.9518
39.79 6.8745 -2.2631 -0.9605
39.91 6.8809 -2.3461 -0.9892
39.98 6.8530 -2.4230 -0.9760
40.09 6.8372 -2.4814 -0.9546
40.19 6.8476 -2.5847 -0.9449
40.23 6.8430 -2.6377 -0.9237
40.39 6.8564 -2.6916 -0.9511
40.44 6.9079 -2.6598 -0.9713
40.53 6.9778 -2.6912 -0.9746
40.63 7.0656 -2.6590 -0.9930
40.69 7.1560 -2.7388 -0.9950
40.77 7.1958 -2.7691 -0.9919
40.81 7.1771 -2.8162 -0.9718
40.86 7.1322 -2.8468 -0.9472
40.98 7.1654 -2.8997 -0.9397
41.03 7.1962 -2.9438 -0.9259
41.05 7.1754 -3.0214 -0.9271
41.13 7.1964 -3.0820 -0.9345
41.26 7.2002 -3.1325 -0.9968
41.29 7.2321 -3.0575 -1.0163
41.43 7.3442 -3.1050 -1.0583
41.53 7.4186 -3.2192 -1.0720
41.61 7.4508 -3.2869 -1.0748
41.63 7.4708 -3.3594 -1.1182
41.71 7.3358 -3.4210 -1.0633
41.86 7.2875 -3.4505 -1.0440
41.91 7.3546 -3.5752 -1.0325
41.98 7.3842 -3.6293 -1.0352
42.01 7.5063 -3.5100 -1.0471
42.09 7.6156 -3.6901 -1.0995
42.15 7.6618 -3.7294 -1.1190
42.21 7.6693 -3.6096 -1.1280
42.28 7.7180 -3.6364 -1.1518
42.33 7.7438 -3.6864 -1.1623
42.39 7.7893 -3.7227 -1.1715
42.41 7.7518 -3.7868 -1.1716
42.47 7.8032 -3.8424 -1.1720
42.52 7.7494 -3.9046 -1.1685
42.57 7.7883 -3.9607 -1.1699
42.60 7.8248 -4.0115 -1.1683
42.65 7.7685 -4.0800 -1.1697
42.72 7.8045 -4.1414 -1.1661
42.77 7.7509 -4.2100 -1.1646
42.83 7.7824 -4.2784 -1.1694
42.87 7.8185 -4.3608 -1.1882
42.89 7.8394 -4.4117 -1.2004
42.96 7.8604 -4.4616 -1.2297
42.97 7.7615 -4.1480 -1.2408
43.01 7.7863 -4.1942 -1.2524
43.07 7.8411 -4.2098 -1.2650
43.14 7.8792 -4.2644 -1.2761
43.15 7.9092 -4.3553 -1.2792
43.19 7.9369 -4.3995 -1.2805
43.25 7.9732 -4.4613 -1.2740
43.28 7.9645 -4.4020 -1.2920
43.31 7.9961 -4.4488 -1.2843
43.37 8.0273 -4.5043 -1.2460
43.39 7.9336 -4.4491 -1.2359
43.46 7.9589 -4.5062 -1.2195
43.49 7.8815 -4.5403 -1.2169
43.55 7.9006 -4.5897 -1.2027
43.61 7.8122 -4.6037 -1.1943
43.65 7.8242 -4.6525 -1.1853
43.71 7.8392 -4.7030 -1.2039
43.79 7.8934 -4.7247 -1.2370
43.85 7.9126 -4.7720 -1.2392
43.89 7.9788 -4.7508 -1.2396
43.95 8.0040 -4.7964 -1.2506
44.01 8.0342 -4.8514 -1.2553
44.07 8.0978 -4.9098 -1.2643
44.08 8.1261 -4.9566 -1.2664
44.11 8.1544 -5.0041 -1.2731
44.17 8.1949 -5.0657 -1.2580
44.24 8.1846 -5.1149 -1.2404
44.29 8.2101 -5.1637 -1.2402
44.31 8.2386 -5.2190 -1.2372
44.35 8.2708 -5.2820 -1.2309
44.37 8.1350 -5.2557 -1.2251
44.43 8.1600 -5.3227 -1.2146
44.51 8.0383 -5.3084 -1.2215
44.55 8.0523 -5.3755 -1.2274
44.62 8.0764 -5.2745 -1.2775
44.67 8.1157 -5.3768 -1.2969
44.70 8.1380 -5.4250 -1.3120
44.72 8.1979 -5.3365 -1.3175
44.80 8.2317 -5.3865 -1.3350
44.82 8.2722 -5.4742 -1.3405
44.87 8.3035 -5.5257 -1.3537
44.95 8.3482 -5.5790 -1.3756
45.01 8.3822 -5.6323 -1.3769
45.03 8.1914 -5.4304 -1.3718
45.10 8.1607 -5.5356 -1.3648
45.12 8.1682 -5.5873 -1.3616
45.17 8.1778 -5.6449 -1.3581
45.23 8.1439 -5.8194 -1.3442
45.27 8.1482 -5.8704 -1.3381
45.32 8.1528 -5.9233 -1.3361
45.39 8.1632 -5.9759 -1.3572
45.48 8.2068 -6.0120 -1.4016
45.55 8.2163 -6.0748 -1.4111
45.55 8.2579 -5.9888 -1.4141
45.61 8.2716 -6.0487 -1.4269
45.67 8.2856 -6.1144 -1.4409
45.71 8.3509 -6.1160 -1.4466
45.75 8.3644 -6.1669 -1.4515
45.80 8.3771 -6.2176 -1.4600
45.81 8.3460 -6.1315 -1.4635
45.86 8.3621 -6.1899 -1.4446
45.90 8.3777 -6.2453 -1.4151
45.93 8.3923 -6.2985 -1.3994
45.97 8.2850 -6.3021 -1.3970
46.03 8.2950 -6.3736 -1.3925
46.05 8.2340 -6.3680 -1.3862
46.09 8.2364 -6.4256 -1.3757
46.15 8.2390 -6.4998 -1.3714
46.21 8.2401 -6.5509 -1.3808
46.25 8.2730 -6.5050 -1.3994
46.27 8.2709 -6.5577 -1.4493
46.30 8.2676 -6.6128 -1.4881
46.34 8.2724 -6.4792 -1.5108
46.39 8.2670 -6.5320 -1.5265
46.45 8.3047 -6.5765 -1.5355
46.48 8.3008 -6.6334 -1.5447
46.51 8.3727 -6.6974 -1.5506
46.57 8.3758 -6.7744 -1.5462
46.61 8.3315 -6.7167 -1.5302
46.67 8.3300 -6.7752 -1.5296
46.75 8.3024 -6.8174 -1.5060
46.82 8.2970 -6.8834 -1.5015
46.92 8.2552 -6.9377 -1.4793
46.97 8.2628 -7.0041 -1.4677
47.01 8.2964 -7.0505 -1.4604
47.05 8.2959 -7.1021 -1.4670
47.17 8.3202 -7.1496 -1.4856
47.21 8.3682 -7.1021 -1.4882
47.29 8.3707 -7.1621 -1.4970
47.33 8.4168 -7.1818 -1.5054
47.40 8.4217 -7.2318 -1.5108
47.47 8.4411 -7.2893 -1.5249
47.57 8.3929 -7.2648 -1.4965
47.59 8.3870 -7.3290 -1.4841
47.65 8.3564 -7.3687 -1.4813
47.71 8.3495 -7.4235 -1.4771
47.79 8.3085 -7.4950 -1.4640
47.83 8.2973 -7.5563 -1.4589
47.89 8.2866 -7.6210 -1.4551
47.95 8.2473 -7.6818 -1.4713
47.99 8.2351 -7.7329 -1.4855
48.01 8.3903 -7.5707 -1.4895
48.09 8.3884 -7.6282 -1.5014
48.16 8.4665 -7.5806 -1.5061
48.19 8.4757 -7.6339 -1.5363
48.31 8.4909 -7.6852 -1.5867
48.44 8.4055 -7.7391 -1.6044
48.51 8.3587 -7.7727 -1.6272
48.59 8.3423 -7.8257 -1.6611
48.61 8.2959 -7.7891 -1.6717
48.83 8.3748 -7.8610 -1.7864
48.93 8.3609 -7.9093 -1.8480
49.02 8.3977 -7.9476 -1.9158
49.09 8.4094 -8.0072 -1.9946
49.17 8.3926 -8.0548 -2.0714
49.22 8.3627 -7.9935 -2.0848
49.32 8.3071 -7.9508 -2.1336
49.40 8.2338 -7.9194 -2.1654
49.50 8.1737 -7.9367 -2.2040
49.53 8.2247 -7.9361 -2.2107
49.69 8.1918 -7.9788 -2.2689
49.83 8.2804 -8.0452 -2.3206
50.15 8.2444 -8.0008 -2.3946
50.35 8.1741 -7.9723 -2.4150
50.61 8.2182 -8.0474 -2.4323
50.73 8.2343 -8.0953 -2.4447
50.99 8.1909 -8.1272 -2.4663
51.14 8.1354 -8.0604 -2.4756
51.33 8.1674 -8.1503 -2.4749
51.57 8.2073 -8.2576 -2.4902
51.64 8.2720 -8.2198 -2.4892
51.77 8.3212 -8.1760 -2.5303
51.86 8.2592 -8.1085 -2.5288
51.95 8.1349 -8.0988 -2.5378
52.04 8.0708 -8.0416 -2.5216
52.04 7.9740 -7.9651 -2.5133
52.08 7.8748 -7.9138 -2.5054
52.08 7.7425 -7.8744 -2.4971
52.11 7.6313 -7.8622 -2.4870
52.13 7.3940 -7.7929 -2.4773
52.15 7.3097 -7.7639 -2.4690
52.17 7.2210 -7.7266 -2.4770
52.19 7.2601 -7.8667 -2.4721
52.20 7.0764 -7.7971 -2.4723
52.22 6.9962 -7.7765 -2.4713
52.28 6.7607 -7.6912 -2.4692
52.30 6.6281 -7.6214 -2.4702
52.33 6.7370 -7.8474 -2.4694
52.34 6.6876 -7.8323 -2.4753
52.37 6.5830 -7.8331 -2.4863
52.41 6.9186 -8.1389 -2.4991
52.43 6.8482 -8.2199 -2.4993
52.45 6.8115 -8.2694 -2.5006
52.49 6.7435 -8.3709 -2.4998
52.51 6.7094 -8.4242 -2.4956
52.53 6.6470 -8.5251 -2.4808
52.55 6.5995 -8.5893 -2.4990
52.56 8.5942 -8.9494 -2.4934
52.57 8.6079 -9.0164 -2.4956
52.61 8.2369 -9.0785 -2.5050
52.67 8.2291 -9.1723 -2.5036
52.67 8.2200 -9.2401 -2.4999
52.69 8.2058 -9.3245 -2.4882
52.73 8.1840 -9.4299 -2.4861
52.76 7.9140 -8.9091 -2.4863
52.80 7.8871 -8.9738 -2.4865
52.84 7.8624 -9.0343 -2.4870
52.86 7.9710 -8.2665 -2.4862
52.92 7.9238 -8.3164 -2.4789
52.95 7.9604 -8.3635 -2.4749
53.05 8.0420 -8.4092 -2.4694
53.11 8.0303 -8.4683 -2.4668
53.13 8.1125 -8.3689 -2.4685
53.25 8.1613 -8.3154 -2.4679
53.50 8.1165 -8.2921 -2.4512
53.58 8.0764 -8.3325 -2.4478
53.59 8.0842 -8.2719 -2.4495
53.70 8.0425 -8.3086 -2.4495
53.93 8.1188 -8.2838 -2.4554
54.07 8.1725 -8.2696 -2.4261
54.15 8.2255 -8.2779 -2.4046
54.28 8.3104 -8.3130 -2.3919
54.36 8.3717 -8.3144 -2.3609
54.43 8.4262 -8.3273 -2.3349
54.51 8.3894 -8.2853 -2.2916
54.61 8.2320 -8.2048 -2.2542
54.75 8.1926 -8.1434 -2.1822
54.89 8.1646 -8.0714 -2.1315
55.08 8.1997 -8.0354 -2.0279
55.15 8.2447 -8.1772 -2.0010
55.35 8.3170 -8.1341 -1.6387
55.39 8.3114 -8.0818 -1.5471
55.47 8.0970 -8.0751 -1.4936
55.65 8.0784 -8.0213 -1.4069
55.67 8.1323 -8.0883 -1.4233
55.77 8.1919 -8.1367 -1.3889
55.85 8.2453 -8.1447 -1.3694
55.99 8.2814 -8.1097 -1.3012
56.09 8.3317 -8.1097 -1.2568
56.28 8.2329 -8.1200 -1.1059
56.36 8.1431 -8.1266 -1.0558
56.49 8.1107 -8.0832 -0.9823
56.55 8.1280 -8.1462 -0.9725
56.63 8.0959 -8.0971 -0.9315
56.70 8.0775 -8.0499 -0.8576
56.73 8.1498 -8.0576 -0.8510
56.77 8.1397 -8.0067 -0.7922
56.81 8.1323 -7.9538 -0.7385
56.89 8.1732 -7.9132 -0.7018
56.91 8.2284 -7.9564 -0.7059
57.01 8.2264 -7.8985 -0.6300
57.03 8.2065 -8.0055 -0.6332
57.13 8.1467 -8.1062 -0.5865
57.23 8.0841 -8.1362 -0.5388
57.34 8.0516 -8.1929 -0.4963
57.49 7.9994 -8.1778 -0.3920
57.58 7.9917 -8.1092 -0.3642
57.66 7.9452 -8.0858 -0.3009
57.74 8.0663 -8.0144 -0.2627
57.85 8.1686 -8.0195 -0.1986
58.05 8.1778 -8.1862 -0.0185
58.16 8.0817 -8.3185 0.0140
58.23 8.0251 -8.2611 0.0241
58.33 8.0291 -8.2022 0.0487
58.40 7.9731 -8.2277 0.1209
58.44 8.0533 -8.1664 0.1106
58.55 7.9941 -8.1959 0.1794
58.58 8.0631 -8.1372 0.1744
58.86 8.0096 -8.1330 0.2854
58.88 8.0640 -8.1704 0.2830
58.95 8.0792 -8.2378 0.2786
59.07 8.0524 -8.2820 0.2891
59.09 7.9578 -8.3677 0.2713
59.19 7.9214 -8.4107 0.2844
59.24 7.9425 -8.3467 0.2743
59.30 7.8977 -8.3776 0.2787
59.32 8.0227 -8.1327 0.2598
59.40 7.9673 -8.1000 0.2652
59.43 8.0088 -7.8978 0.2514
59.61 7.9648 -7.8699 0.2758
59.63 7.9591 -8.0434 0.2593
59.74 7.9708 -8.1399 0.2488
59.82 7.9313 -8.1767 0.2399
59.87 7.9970 -8.2805 0.2206
59.99 7.9820 -8.3415 0.2179
60.03 8.0336 -8.4117 0.2029
60.10 8.0293 -8.4730 0.2020
60.14 8.1149 -8.2230 0.1875
60.17 8.1567 -8.2539 0.1874
60.22 8.1798 -8.1746 0.1745
60.35 8.2285 -8.1976 0.1683
60.37 8.1909 -8.1564 0.1556
60.60 8.0590 -8.1743 0.1317
60.84 8.0438 -8.2472 0.1269
60.88 8.1029 -8.2625 0.1186
60.93 8.1520 -8.3013 0.1184
61.04 8.2409 -8.3113 0.1084
61.07 8.3350 -8.3919 0.1053
61.11 8.3692 -8.4302 0.1041
61.15 8.4028 -8.4961 0.1022
61.23 8.4768 -8.5142 0.0946
61.31 8.4914 -8.5621 0.0947
61.37 8.1520 -8.2054 0.0863
61.45 7.9521 -8.2340 0.0777
61.55 8.0154 -8.1879 0.0698
62.99 7.9622 -8.2105 0.0149
63.06 8.0029 -8.1512 0.0124
63.38 7.9903 -8.2047 0.0072
63.43 7.9644 -8.2534 0.0058
63.48 7.9496 -8.3037 0.0041
63.49 7.9340 -8.3800 0.0027
63.51 8.0460 -8.2847 0.0010
63.57 8.0520 -8.3417 -0.0011
63.59 8.0421 -8.3978 -0.0015
63.68 8.0628 -8.4486 -0.0049
63.71 8.0542 -8.5590 -0.0058
63.72 8.0205 -8.7163 -0.0063
63.73 7.9795 -8.8557 -0.0073
63.74 7.9541 -8.9219 -0.0077
63.76 7.9172 -8.9975 -0.0087
63.79 7.8854 -9.0545 -0.0092
63.81 7.8541 -8.7872 -0.0101
63.88 7.8216 -8.8315 -0.0106
63.96 7.7454 -8.4450 -0.0085
64.04 7.8956 -8.2311 -0.0004
64.19 7.8386 -8.2416 0.0269
64.24 8.0103 -8.1113 0.0423
64.35 7.9810 -8.0187 0.0503
64.44 7.9559 -7.9338 0.0635
64.62 7.9591 -7.9863 0.0920
64.70 7.9720 -8.0355 0.1173
64.79 7.9762 -8.0925 0.1289
64.87 7.9878 -8.1446 0.1392
65.05 7.9807 -8.2012 0.1386
65.14 8.0122 -8.1589 0.1532
65.33 8.0176 -8.0426 0.1656
65.50 7.9938 -8.0870 0.1969
65.64 7.9886 -8.1412 0.2040
65.78 7.9808 -8.1943 0.2093
66.07 8.0229 -8.1254 0.2064
67.10 7.9901 -8.0869 0.2449
67.20 7.9604 -8.0342 0.2584
67.28 7.9155 -7.9584 0.2681
67.40 7.8735 -7.9284 0.3146
67.63 7.8214 -7.9137 0.4934
67.64 7.8765 -7.9737 0.5133
67.72 7.9347 -8.0156 0.5787
67.84 8.0052 -8.1049 0.6415
67.97 8.0575 -8.1203 0.7685
68.03 8.0968 -8.0865 0.8760
68.12 8.1030 -8.0008 0.9450
68.22 8.1020 -7.9069 1.0495
68.48 8.0213 -7.8524 1.2276
68.61 8.0813 -7.8149 1.3312
68.77 8.0870 -7.7645 1.4960
68.80 8.1556 -7.6805 1.5086
69.05 8.0850 -7.6291 1.5385
69.16 8.0558 -7.5822 1.5550
69.20 8.0528 -7.4835 1.5623
69.30 8.0616 -7.4130 1.5927
69.41 8.1228 -7.3376 1.6532
69.51 8.1240 -7.2798 1.6969
69.56 8.1806 -7.2529 1.7153
69.62 8.1834 -7.2024 1.7541
69.65 8.2148 -7.1608 1.7664
69.72 8.2146 -7.1045 1.7655
69.80 8.1601 -7.0378 1.7374
69.87 8.1500 -6.9852 1.7487
69.88 8.0648 -7.0713 1.7442
69.98 8.0061 -7.0157 1.7523
70.07 7.9692 -6.9685 1.7859
70.13 7.9634 -6.8953 1.8222
70.24 7.9324 -6.8502 1.8680
70.30 7.9516 -6.7940 1.8969
70.42 7.9249 -6.7284 1.9280
70.44 8.0060 -6.6761 1.9265
70.45 7.9938 -6.6270 1.9417
70.48 7.9827 -6.5723 1.9600
70.56 8.1058 -6.4393 1.9596
70.61 8.1136 -6.3781 1.9319
70.67 8.0291 -6.4902 1.9181
70.76 8.0321 -6.4363 1.9227
70.79 7.9580 -6.3919 1.9173
70.88 7.9527 -6.3349 1.9365
70.89 7.9221 -6.4643 1.9349
70.99 7.9143 -6.4116 1.9662
71.02 7.8445 -6.3511 1.9882
71.13 7.8286 -6.2912 2.0291
71.18 7.8649 -6.2553 2.0375
71.22 7.8870 -6.1727 2.0438
71.30 7.8860 -6.1158 2.0572
71.37 7.8789 -6.0641 2.0563
71.44 7.8745 -5.9962 2.0243
71.51 7.8401 -5.9586 2.0145
71.58 7.8315 -5.9033 2.0208
71.61 7.6735 -5.9878 2.0182
71.65 7.6432 -5.9292 2.0232
71.69 7.5825 -5.8998 2.0276
71.80 7.5591 -5.8487 2.0547
71.94 7.5740 -5.7910 2.1371
71.97 7.6543 -5.8212 2.1366
72.07 7.6519 -5.7689 2.1684
72.16 7.6692 -5.7009 2.1981
72.24 7.6626 -5.6381 2.1977
72.30 7.5186 -5.4410 2.1750
72.34 7.5048 -5.3862 2.1771
72.44 7.4889 -5.3208 2.1841
72.47 7.3953 -5.3654 2.1887
72.53 7.3774 -5.2930 2.2068
72.56 7.3687 -5.2278 2.2343
72.56 7.3675 -5.1736 2.2614
72.58 7.2253 -5.3000 2.2743
72.66 7.2059 -5.2468 2.3042
72.70 7.2374 -5.2060 2.3312
72.76 7.2246 -5.1568 2.3944
72.83 7.2103 -5.1022 2.4200
72.89 7.1859 -4.9872 2.4294
72.90 7.1972 -4.9027 2.4296
72.92 7.1837 -4.8040 2.4376
72.97 7.1697 -4.7320 2.4425
72.99 7.1571 -4.6737 2.4381
73.01 7.1434 -4.5917 2.4327
73.02 7.3019 -4.9559 2.4170
73.06 7.2979 -4.8958 2.4069
73.09 7.2994 -4.8339 2.3924
73.17 7.1757 -4.7374 2.3471
73.21 7.1701 -4.6738 2.3302
73.26 7.0077 -4.8492 2.3138
73.30 6.9933 -4.7768 2.2986
73.35 6.9853 -4.7217 2.2848
73.40 6.9790 -4.6686 2.2693
73.47 6.9724 -4.6157 2.2576
73.51 6.9869 -5.0529 2.2329
73.66 6.9718 -4.9365 2.2268
73.73 6.9650 -4.8830 2.1860
73.81 6.9056 -4.6311 2.1332
73.82 6.9093 -4.5302 2.1117
73.83 6.9117 -4.4064 2.0730
73.84 6.9105 -4.3116 2.0459
73.88 6.9101 -4.2534 2.0252
73.90 6.8829 -4.2033 2.0091
73.94 6.8832 -4.1403 1.9775
73.99 6.8813 -4.0606 1.9344
74.02 6.8149 -4.0576 1.9193
74.07 6.8118 -3.9957 1.9006
74.13 6.7417 -4.1434 1.8694
74.15 6.7325 -4.0885 1.8525
74.17 6.7193 -4.0073 1.8257
74.18 6.6960 -3.8974 1.8112
74.19 6.6779 -3.8248 1.7931
74.20 6.6633 -3.7557 1.7853
74.23 6.6899 -4.4888 1.7903
74.32 6.5138 -4.2871 1.7930
74.38 6.4835 -4.2417 1.8198
74.45 6.4884 -4.1671 1.8444
74.52 6.4615 -4.1135 1.8534
74.55 6.4316 -4.0241 1.8445
74.61 6.8121 -4.4675 1.8510
74.66 6.8901 -4.4397 1.8562
74.67 6.9466 -4.4261 1.8668
74.76 6.9531 -3.9890 1.8436
74.77 6.9907 -3.9300 1.8054
74.80 7.0493 -3.8835 1.7657
74.82 6.7746 -3.6307 1.6629
74.86 6.7215 -3.6054 1.5892
74.90 6.5859 -3.6279 1.5236
74.92 6.5208 -3.6533 1.5003
74.94 6.0391 -4.4611 1.4631
74.97 5.9928 -4.5066 1.4511
75.01 5.9022 -4.5779 1.4354
75.06 5.6955 -5.0420 1.4207
75.09 5.6299 -5.0813 1.4163
75.10 5.5470 -5.1242 1.4115
75.12 5.5732 -4.9267 1.4319
75.14 5.4732 -4.9640 1.4301
75.15 5.4174 -4.9834 1.4352
75.18 5.3569 -5.0023 1.4177
75.21 5.2828 -5.0215 1.4264
75.23 5.9145 -4.2054 1.4692
75.27 5.8607 -4.1994 1.4812
75.30 5.8044 -4.1914 1.4775
75.36 6.1271 -3.8634 1.4929
75.37 6.0409 -3.8131 1.4752
75.39 5.9499 -3.7459 1.4767
75.41 5.8609 -3.6697 1.4729
75.44 6.0731 -3.5633 1.5160
75.47 6.0391 -3.5195 1.5188
75.50 6.0060 -3.4758 1.5102
75.54 6.2036 -3.4724 1.5239
75.58 6.1779 -3.4268 1.5143
75.62 6.1519 -3.3804 1.4877
75.64 6.2350 -3.2685 1.4993
75.68 6.2120 -3.2155 1.4737
75.74 6.2919 -3.6116 1.4846
75.76 6.2610 -3.5612 1.4820
75.82 6.2276 -3.4983 1.4786
75.84 6.1363 -3.3742 1.4996
75.88 6.1095 -3.3281 1.4997
75.96 6.0894 -3.2675 1.5207
76.00 6.0643 -3.2184 1.5130
76.03 6.1310 -3.3002 1.5174
76.07 6.0970 -3.2355 1.5220
76.12 6.2253 -3.4007 1.5482
76.16 6.1979 -3.3444 1.5321
76.20 6.3167 -3.3869 1.5402
76.28 6.3003 -3.3394 1.5350
76.34 6.2993 -3.2843 1.5565
76.40 6.2738 -3.2278 1.5593
76.49 6.2094 -3.2602 1.5407
76.57 6.1728 -3.2184 1.5270
76.65 6.1150 -3.2186 1.5223
76.72 6.0712 -3.1910 1.5007
76.80 6.0273 -3.1548 1.4872
76.85 5.9886 -3.1207 1.4720
77.00 6.1880 -3.0501 1.5006
77.05 6.1789 -2.9969 1.4934
77.09 6.2651 -2.8201 1.5016
77.11 6.2651 -2.7453 1.5009
77.15 6.2612 -2.6921 1.5044
77.16 6.2823 -2.7703 1.5130
77.22 6.2752 -2.7115 1.5049
77.28 6.1896 -2.7037 1.5070
77.32 6.1684 -2.6389 1.4684
77.37 6.0987 -2.7837 1.4681
77.45 6.0669 -2.7365 1.4557
77.52 6.0344 -2.6882 1.4404
77.56 6.0852 -2.6220 1.4435
77.65 6.0858 -2.5421 1.4408
77.72 6.0696 -2.4787 1.4394
77.79 6.0557 -2.4201 1.4823
77.85 6.0424 -2.3688 1.4950
77.88 6.1818 -2.4149 1.5079
77.95 6.1793 -2.3538 1.5240
78.02 6.1745 -2.2957 1.5419
78.04 6.2662 -2.2973 1.5520
78.12 6.2102 -2.2255 1.5495
78.19 6.2059 -2.1672 1.5156
78.28 6.1741 -2.1143 1.5220
78.31 6.1163 -2.1170 1.5272
78.38 6.0536 -2.0373 1.5365
78.44 6.0372 -1.9870 1.5496
78.56 6.0512 -1.9250 1.5835
78.58 6.1056 -1.9154 1.6014
78.65 6.1070 -1.8652 1.6312
78.67 6.1646 -1.8230 1.6367
78.73 6.1739 -1.7652 1.6458
78.80 6.2126 -1.7165 1.6744
78.87 6.2198 -1.6520 1.7042
78.92 6.2221 -1.5943 1.7175
78.95 6.1460 -1.6315 1.7256
79.00 6.1377 -1.5733 1.7010
79.08 6.1270 -1.4960 1.7118
79.10 6.0452 -1.5247 1.7180
79.15 6.0305 -1.4744 1.7257
79.21 5.9498 -1.4784 1.7304
79.25 5.9211 -1.4131 1.7545
79.30 5.8955 -1.3529 1.7792
79.40 5.8704 -1.3039 1.8152
79.42 5.9330 -1.3456 1.8371
79.50 5.9549 -1.2605 1.8797
79.56 5.9470 -1.2106 1.9048
79.62 5.9829 -1.1465 1.9359
79.68 5.9746 -1.0873 1.9673
79.78 5.9600 -1.0198 2.0114
79.82 5.9128 -1.0625 2.0095
79.88 5.8968 -1.0125 2.0256
79.90 5.8213 -1.0135 2.0348
79.96 5.7941 -0.9659 2.0539
79.98 5.7452 -0.9929 2.0607
80.04 5.6986 -0.9399 2.0856
80.10 5.6625 -0.8901 2.1181
80.16 5.6253 -0.8347 2.1630
80.26 5.6184 -0.7714 2.2235
80.38 5.6390 -0.7213 2.2962
80.44 5.6156 -0.6716 2.3316
80.68 5.5846 -0.6230 2.4811
80.70 5.5809 -0.6766 2.4886
80.80 5.4948 -0.7086 2.5386
80.86 5.3697 -0.7039 2.5606
80.94 5.2820 -0.6835 2.6055
81.02 5.2225 -0.6621 2.6559
81.09 5.1670 -0.6417 2.7036
81.12 5.2028 -0.5942 2.7397
81.20 5.1543 -0.5645 2.7798
81.22 5.2073 -0.5527 2.7894
81.29 5.1942 -0.4623 2.8225
81.36 5.1356 -0.4560 2.8611
81.44 5.0899 -0.5106 2.8931
81.54 5.0383 -0.4991 2.8889
81.61 4.9791 -0.5553 2.9011
81.68 4.9280 -0.5472 2.9073
81.82 4.8346 -0.5734 2.9080
81.94 4.7738 -0.5582 2.9154
81.97 4.7528 -0.4646 2.9332
82.03 4.6909 -0.4295 2.9433
82.07 4.7261 -0.3734 2.9402
82.16 4.6833 -0.3376 2.9453
82.18 4.6095 -0.3011 2.9476
82.25 4.5527 -0.2637 2.9552
82.29 4.5545 -0.3468 2.9496
82.35 4.5039 -0.3270 2.9342
82.40 4.5157 -0.4267 2.9164
82.50 4.3880 -0.4884 2.9052
82.58 4.3304 -0.4917 2.8897
82.66 4.2839 -0.4573 2.8818
82.70 4.2240 -0.4525 2.8796
82.74 4.3300 -0.4233 2.8668
82.82 4.2923 -0.3579 2.8894
82.91 4.2148 -0.2734 2.8944
83.05 4.2016 -0.2210 2.9155
83.08 4.1468 -0.2105 2.9239
83.16 4.1113 -0.2583 2.9238
83.28 4.0388 -0.2645 2.9212
83.36 3.9629 -0.3121 2.9323
83.45 3.9071 -0.3152 2.9539
83.55 3.8485 -0.3110 2.9902
83.60 3.8568 -0.2439 3.0076
83.72 3.7505 -0.2065 3.0651
83.79 3.7502 -0.1424 3.0922
83.87 3.6751 -0.1449 3.1373
83.99 3.6248 -0.1480 -3.0832
84.08 3.5740 -0.1332 -3.0665
84.12 3.5631 -0.2320 -3.0506
84.18 3.4716 -0.3185 -3.0229
84.27 3.4104 -0.3301 -2.9890
84.38 3.3500 -0.3104 -2.9193
84.43 3.2954 -0.3223 -2.8713
84.52 3.2520 -0.2491 -2.7822
84.60 3.1338 -0.2525 -2.7304
84.69 3.2123 -0.2706 -2.6741
84.74 3.1948 -0.3456 -2.6301
84.83 3.1586 -0.3802 -2.5772
84.92 3.1127 -0.4210 -2.5706
84.98 3.0741 -0.4533 -2.5507
85.04 3.0046 -0.5501 -2.5393
85.08 2.9687 -0.5918 -2.5261
85.15 2.9254 -0.6453 -2.4981
85.21 2.8776 -0.7040 -2.4623
85.26 2.8388 -0.7383 -2.4374
85.30 2.8033 -0.7793 -2.3878
85.33 2.8352 -0.6556 -2.3618
85.40 2.7992 -0.6200 -2.3249
85.44 2.7496 -0.6545 -2.3155
85.47 2.6555 -0.6442 -2.3146
85.62 2.6202 -0.6886 -2.3352
85.78 2.6039 -0.7410 -2.4720
85.81 2.6225 -0.8002 -2.4887
85.90 2.5684 -0.8910 -2.5397
85.99 2.5104 -0.9308 -2.6121
86.06 2.4806 -0.8360 -2.6584
86.13 2.4506 -0.7818 -2.6856
86.23 2.3969 -0.7777 -2.7298
86.30 2.3168 -0.8482 -2.7695
86.39 2.2353 -0.8402 -2.8177
86.44 2.1825 -0.8457 -2.8695
86.59 2.1203 -0.8608 -3.0182
86.61 2.0605 -0.8721 -3.0889
86.65 2.0843 -0.9468 -3.1176
86.69 2.0228 -0.9665 3.0903
86.73 1.9657 -1.0430 3.0499
86.80 1.8890 -0.9818 2.9734
86.86 1.8189 -0.9834 2.9010
86.89 1.9913 -0.9197 2.8666
86.98 1.9825 -0.8107 2.8005
87.03 1.9420 -0.7812 2.7695
87.08 1.8948 -0.7468 2.7276
87.17 1.8447 -0.7110 2.6892
87.22 1.8037 -0.6808 2.6774
87.33 1.7789 -0.6192 2.6522
87.35 1.7922 -0.6742 2.6433
87.43 1.7408 -0.6662 2.5924
87.51 1.6565 -0.7008 2.5790
87.58 1.6019 -0.6775 2.5634
87.60 1.5385 -0.6903 2.5622
87.62 1.4851 -0.6704 2.5423
87.68 1.5370 -0.6584 2.5392
87.79 1.5050 -0.6077 2.5214
87.83 1.4582 -0.5774 2.5559
87.88 1.4144 -0.5470 2.5813
87.96 1.3997 -0.4907 2.5948
88.04 1.3468 -0.4538 2.6281
88.16 1.3177 -0.4056 2.6460
88.18 1.3432 -0.4523 2.6542
88.27 1.2591 -0.4669 2.6369
88.35 1.2087 -0.4355 2.6378
88.42 1.1614 -0.4020 2.6356
88.49 1.0550 -0.4341 2.6435
88.52 1.0027 -0.4137 2.6597
88.59 0.9392 -0.4328 2.6757
88.67 0.8826 -0.4091 2.6906
88.77 1.0473 -0.3413 2.7247
88.87 0.9395 -0.2573 2.7564
88.94 0.8705 -0.2532 2.7965
89.02 0.8182 -0.2181 2.8276
89.10 0.7702 -0.1780 2.8345
89.15 0.7260 -0.2557 2.8504
89.20 0.6767 -0.2264 2.8760
89.22 0.6610 -0.2884 2.8878
89.30 0.5903 -0.3303 2.9130
89.43 0.5426 -0.3034 2.9762
89.46 0.5892 -0.2847 2.9852
89.55 0.5345 -0.2417 3.0254
89.65 0.4842 -0.2071 3.0749
89.70 0.4454 -0.1445 3.1063
89.76 0.4483 -0.2230 -3.1330
89.96 0.3989 -0.2101 -3.0118
90.02 0.3618 -0.2803 -2.9921
90.10 0.3261 -0.3264 -2.9424
90.21 0.2688 -0.3957 -2.9018
90.39 0.2339 -0.3090 -2.8115
90.51 0.2100 -0.2620 -2.7529
90.56 0.1326 -0.2579 -2.7295
90.65 0.1012 -0.3208 -2.7019
90.80 0.0419 -0.3657 -2.6737
90.90 0.1259 -0.3909 -2.6640
90.96 0.1405 -0.4754 -2.6651
91.22 0.0401 -0.4592 -2.6432
91.32 -0.0110 -0.3836 -2.6438
91.41 -0.0625 -0.3291 -2.6473
91.62 -0.0729 -0.4057 -2.6569
91.84 -0.0690 -0.5150 -2.6727
92.05 -0.0442 -0.4599 -2.6069
92.08 0.0082 -0.4164 -2.5976
92.11 0.0313 -0.2415 -2.5938
92.14 0.0773 -0.1935 -2.5988
92.17 0.1411 -0.1265 -2.6026
92.20 0.1800 -0.0846 -2.6073
92.22 0.2414 -0.0455 -2.6103
92.23 0.2779 -0.0071 -2.6123
92.27 0.3319 0.0498 -2.6124
92.30 0.3744 0.0952 -2.6156
92.33 0.3413 -0.0500 -2.6176
92.36 0.3827 -0.0110 -2.6137
92.40 0.0469 -0.2898 -2.6118
92.48 -0.0791 -0.4140 -2.6171
92.55 -0.0999 -0.4854 -2.6091
92.73 -0.0706 -0.4111 -2.5695
92.78 -0.0257 -0.3477 -2.5638
92.82 0.0010 -0.2685 -2.5528
92.84 0.0183 -0.2138 -2.5416
92.86 0.0393 -0.1259 -2.5235
92.87 0.0468 -0.0707 -2.5150
92.89 -0.0262 0.0846 -2.5142
92.92 -0.0232 0.1744 -2.5138
92.93 -0.0219 0.2334 -2.5124
92.98 -0.0204 0.3149 -2.5085
93.00 -0.0198 0.3963 -2.5066
93.04 -0.0185 0.4831 -2.5045
93.06 -0.1462 0.4159 -2.5043
93.11 -0.1494 0.4934 -2.4970
93.16 -0.1543 0.6238 -2.4880
93.18 -0.1559 0.7519 -2.4778
93.19 -0.2384 0.2983 -2.4785
93.22 -0.2421 0.3738 -2.4612
93.24 -0.2445 0.4245 -2.4473
93.28 -0.2037 -0.2153 -2.4262
93.30 -0.2048 -0.1640 -2.4191
93.32 -0.2104 -0.0717 -2.4025
93.37 -0.2188 0.0266 -2.3781
93.39 -0.2224 0.0993 -2.3613
93.41 -0.2248 0.1529 -2.3526
93.43 -0.1789 -0.1306 -2.3546
93.48 -0.1799 -0.0645 -2.3398
93.53 -0.1491 -0.4015 -2.3385
93.61 -0.2320 -0.4019 -2.3385
93.69 -0.2452 -0.3460 -2.3235
93.76 -0.2315 -0.2909 -2.3218
93.79 -0.2374 -0.2264 -2.3259
93.81 -0.2701 -0.3470 -2.3353
94.07 -0.2554 -0.4567 -2.3452
94.19 -0.2569 -0.4033 -2.3437
94.25 -0.2157 -0.4684 -2.3444
94.42 -0.1533 -0.4466 -2.3397
94.46 -0.1069 -0.3796 -2.3042
94.50 -0.1549 -0.4101 -2.2600
94.53 -0.1043 -0.3363 -2.2653
94.58 -0.0682 -0.0403 -2.2619
94.61 -0.0143 0.0642 -2.2728
94.64 0.0160 0.2256 -2.2888
94.66 0.0504 0.4828 -2.2798
94.67 -0.1138 0.5340 -2.2794
94.71 -0.1018 0.8788 -2.2958
94.73 -0.0999 1.0974 -2.2919
94.76 -0.0957 1.1975 -2.2956
94.79 -0.1805 0.6464 -2.3061
94.80 -0.1880 0.7064 -2.3052
94.81 -0.2537 0.8544 -2.2861
94.83 -0.3022 0.8895 -2.2928
94.88 -0.3504 0.9157 -2.2935
94.98 -0.7528 -0.6227 -2.2896
95.00 -0.8029 -0.6485 -2.2787
95.01 -0.5941 -0.9590 -2.2539
95.03 -0.7230 -1.0786 -2.1797
95.03 -0.8063 -1.1371 -2.1283
95.06 -0.8605 -1.1720 -2.0823
95.07 -0.8837 -0.9330 -2.0822
95.12 -0.9451 -0.9559 -2.0322
95.15 -0.5056 -0.4847 -2.0298
95.24 -0.5576 -0.4568 -1.9823
95.30 -0.4398 -0.1455 -1.9651
95.37 -0.4705 -0.0971 -1.9543
95.39 -0.4477 -0.3915 -1.9706
95.56 -0.4030 -0.4572 -1.9762
95.68 -0.4608 -0.4394 -1.9659
95.75 -0.3898 -0.4890 -1.9721
95.84 -0.4394 -0.4816 -1.9548
95.86 -0.3741 -0.4922 -1.9646
95.98 -0.4428 -0.4592 -1.9363
96.04 -0.4885 -0.4095 -1.8879
96.05 -0.5472 -0.3736 -1.8473
96.14 -0.6249 -0.3326 -1.8293
96.14 -0.6750 -0.3072 -1.8290
96.15 -0.6823 -0.2501 -1.8339
96.17 -0.7534 -0.2197 -1.8263
96.19 -0.8148 -0.2011 -1.8247
96.25 -0.8774 -0.1063 -1.8270
96.29 -0.9252 -0.0885 -1.8266
96.34 -1.0006 -0.0609 -1.8259
96.40 -0.8223 -0.1841 -1.8289
96.44 -0.8814 -0.1644 -1.8134
96.47 -0.6168 -0.5445 -1.8298
96.53 -0.3710 -0.4793 -1.8199
96.69 -0.4263 -0.4622 -1.7531
96.73 -0.3838 -0.4030 -1.7596
96.84 -0.4391 -0.4157 -1.7058
96.90 -0.4810 -0.3686 -1.6915
96.96 -0.5247 -0.3383 -1.6745
97.12 -0.5635 -0.2809 -1.6648
97.12 -0.6000 -0.2453 -1.6609
97.18 -0.6693 -0.1878 -1.6568
97.20 -0.7140 -0.1473 -1.6516
97.24 -0.5643 -0.2675 -1.6573
97.37 -0.5746 -0.2063 -1.6532
97.39 -0.6047 -0.1630 -1.6446
97.40 -0.5073 -0.1899 -1.6517
97.43 -0.5419 -0.1247 -1.6359
97.52 -0.3981 -0.3572 -1.6296
97.58 -0.3218 -0.3496 -1.6180
97.66 -0.3087 -0.4030 -1.5929
97.72 -0.3750 -0.4298 -1.5876
97.91 -0.4486 -0.3572 -1.5651
98.16 -0.4240 -0.3129 -1.5286
98.19 -0.3699 -0.3135 -1.5261
98.22 -0.3953 -0.2683 -1.5111
98.25 -0.4629 -0.2166 -1.4949
98.27 -0.4395 -0.3433 -1.5000
98.28 -0.5111 -0.3559 -1.4947
98.33 -0.5625 -0.3711 -1.4912
98.42 -0.4868 -0.4727 -1.4909
98.49 -0.5884 -0.5541 -1.4801
98.57 -0.4021 -0.5065 -1.4804
98.63 -0.4432 -0.4122 -1.4756
98.76 -0.4910 -0.3884 -1.4647
98.78 -0.4155 -0.3872 -1.4723
98.90 -0.3754 -0.3528 -1.4683
98.92 -0.3150 -0.3947 -1.4651
99.16 -0.2197 -0.3957 -1.4644
99.42 -0.2662 -0.3770 -1.4787
99.50 -0.3291 -0.3813 -1.4724
