# session 2026-07-10 08:36:20
19.39 3.4481 -0.7427
19.40 3.4481 -0.7427
30.32 2.0953 -0.9705
30.33 2.0953 -0.9705
# session 2026-07-10 08:41:25
25.29 4.1588 -0.6624
25.30 4.1588 -0.6624
39.31 5.4649 -3.4098
39.36 5.4696 -3.4196
39.41 5.4758 -3.4209
39.47 5.4832 -3.4224
39.51 5.4169 -3.3946
39.56 5.4262 -3.4084
39.61 5.4329 -3.4091
39.66 5.4117 -3.4043
39.71 5.4116 -3.4029
39.76 5.4124 -3.3989
39.82 5.4275 -3.3584
39.86 5.4185 -3.3783
39.91 5.4203 -3.3758
39.97 5.4247 -3.3722
40.01 5.4273 -3.3794
40.06 5.4300 -3.3779
40.12 5.4314 -3.3771
40.17 5.4207 -3.3966
40.22 5.4548 -3.4011
40.26 5.4647 -3.3990
40.32 5.4946 -3.4023
40.36 5.4639 -3.4282
40.41 5.4697 -3.4301
40.47 5.4795 -3.4330
40.51 5.4764 -3.4351
40.56 5.4824 -3.4365
40.62 5.4225 -3.3899
40.66 5.4275 -3.3886
40.72 5.4318 -3.3876
40.76 5.4574 -3.4010
40.81 5.4624 -3.4005
40.86 5.4501 -3.4058
40.91 5.4563 -3.4056
40.97 5.4196 -3.3990
41.01 5.4219 -3.3980
41.06 5.4239 -3.3972
41.11 5.4287 -3.3933
41.16 5.4338 -3.3922
41.21 5.4268 -3.4070
41.26 5.4284 -3.4105
41.31 5.4294 -3.4129
41.36 5.4192 -3.3920
41.41 5.4179 -3.3924
41.46 5.4153 -3.3922
41.51 5.4177 -3.4205
41.60 5.3641 -3.4052
41.63 5.2911 -3.3941
41.66 5.2415 -3.3965
41.71 5.1172 -3.4452
41.76 5.0498 -3.3519
41.82 5.0247 -3.3589
41.87 4.9473 -3.3821
41.91 4.9824 -3.4765
41.96 4.9591 -3.4894
42.01 5.1525 -3.5796
42.06 5.1345 -3.6086
42.11 5.2981 -3.4205
42.16 5.3336 -3.4892
42.21 5.3325 -3.5170
42.26 5.4074 -3.5608
42.33 5.4156 -3.5901
42.36 5.4175 -3.5290
42.41 5.4249 -3.5464
42.46 5.4401 -3.5100
42.51 5.4512 -3.5323
42.56 5.4598 -3.4386
42.61 5.4687 -3.4485
42.66 5.4706 -3.3736
42.71 5.4811 -3.3799
42.76 5.4463 -3.3654
42.81 5.4547 -3.3772
42.86 5.4723 -3.4116
42.91 5.4793 -3.4330
42.96 5.4843 -3.4565
43.01 5.4612 -3.5001
43.07 5.4626 -3.5095
43.11 5.4719 -3.5949
43.16 5.4667 -3.5269
43.21 5.4726 -3.4809
43.26 5.4765 -3.4942
43.31 5.4773 -3.5053
43.37 5.4735 -3.5255
43.41 5.4671 -3.5462
43.46 5.4948 -3.4509
43.52 5.5043 -3.3653
43.56 5.5043 -3.3653
43.62 5.5026 -3.3755
43.66 5.5041 -3.3918
43.71 5.5055 -3.4018
43.77 5.5685 -3.4432
43.81 5.6027 -3.5012
43.86 5.8893 -3.8204
43.91 6.0453 -4.0119
43.96 6.2465 -4.3319
44.02 6.3811 -4.4407
44.06 6.4010 -4.4722
44.11 6.4887 -4.4548
44.16 6.5573 -4.5523
44.21 5.9680 -3.7922
44.26 5.7710 -3.4567
44.31 5.7801 -3.4677
44.37 5.8801 -3.3079
44.41 5.9010 -3.3075
44.47 5.9256 -3.3090
44.51 5.9413 -3.3114
44.56 5.9726 -3.3529
44.61 5.9911 -3.3557
44.66 6.0105 -3.3592
44.72 5.9011 -3.4071
44.76 5.9182 -3.4131
44.82 5.9789 -3.4142
44.87 6.1395 -3.3442
44.91 6.1395 -3.3442
44.96 6.1395 -3.3442
45.01 6.1395 -3.3442
45.06 6.1616 -3.0396
45.12 6.1999 -3.0079
45.16 6.2343 -2.9785
45.21 6.0720 -3.2320
45.26 6.0941 -3.2283
45.31 5.9858 -3.3207
45.36 5.9954 -3.3286
45.42 5.9898 -3.3011
45.47 6.0128 -3.3223
45.51 6.0301 -3.3665
45.57 6.0422 -3.3799
45.61 6.0586 -3.4433
45.66 6.0329 -3.3946
45.71 6.0351 -3.3987
45.78 5.9775 -3.3484
45.81 5.9786 -3.3580
45.87 5.9638 -3.2698
45.91 5.9601 -3.2696
45.97 5.9452 -3.2314
46.02 5.9420 -3.2310
46.06 5.9370 -3.2384
46.13 5.9379 -3.2417
46.16 5.9583 -3.2806
46.21 5.9618 -3.2892
46.26 6.0026 -3.3720
46.31 6.0083 -3.3863
46.37 6.0508 -3.4123
46.41 6.0580 -3.4325
46.47 6.0487 -3.4565
46.52 6.0665 -3.5205
46.57 6.0704 -3.5357
46.61 6.0661 -3.4807
46.66 6.0680 -3.5062
46.72 6.0849 -3.4719
46.77 6.0870 -3.4986
46.82 6.0963 -3.5498
46.86 6.1400 -3.6654
46.91 6.1676 -3.5465
46.96 6.3785 -3.7547
47.01 6.4869 -3.7792
47.07 6.6405 -3.7714
47.12 6.6341 -3.7790
47.18 6.6089 -3.7753
47.24 6.2343 -3.4408
47.26 6.1325 -3.4642
47.31 6.0989 -3.4781
47.36 5.3705 -2.7818
47.41 5.3099 -2.7891
47.47 5.5754 -3.7379
47.51 5.5159 -3.7903
47.57 6.2206 -3.8157
47.61 6.2179 -3.8701
47.66 6.3297 -3.7979
47.71 6.3453 -3.8560
47.76 6.3565 -3.9039
47.81 6.3842 -3.8824
47.87 6.3944 -3.9195
47.92 6.4150 -3.9606
47.96 6.4270 -4.0090
48.02 6.4161 -4.0140
48.06 6.4241 -4.0471
48.11 6.3808 -4.0399
48.16 6.3900 -4.0758
48.21 6.3660 -3.9891
48.27 6.3777 -4.0130
48.31 6.3867 -4.0303
48.36 6.4367 -3.9640
48.41 6.4470 -3.9742
48.46 6.4651 -3.9942
48.52 6.5183 -4.0869
48.56 6.5378 -4.1140
48.62 6.5656 -4.1566
48.66 6.6174 -4.2210
48.71 6.6347 -4.2490
48.76 6.6655 -4.2948
48.81 6.6718 -4.2860
48.86 6.7161 -4.3493
48.91 6.5954 -4.3927
48.97 6.6085 -4.4237
49.01 6.6276 -4.4671
49.06 6.6141 -4.4602
49.11 6.6294 -4.4946
49.17 6.6305 -4.5305
49.21 6.6361 -4.5452
49.28 6.6659 -4.5835
49.31 6.6834 -4.6251
49.36 6.6949 -4.6494
49.41 6.6608 -4.5576
49.47 6.7333 -4.6220
49.52 6.9110 -4.7408
49.57 7.0806 -4.7501
49.61 7.1663 -4.7418
49.66 7.1864 -4.5863
49.72 7.1645 -4.5935
49.76 7.0305 -4.9972
49.81 7.0212 -5.0182
49.86 7.0093 -5.0442
49.91 6.3119 -4.5304
49.96 6.2800 -4.5452
50.01 6.4020 -4.9860
50.07 6.3739 -5.0113
50.11 6.7027 -4.9764
50.17 6.6914 -5.0120
50.21 6.6819 -5.0369
50.27 6.7354 -5.1285
50.31 6.7268 -5.1764
50.36 6.7721 -5.2128
50.41 6.7669 -5.2669
50.46 6.7596 -5.3183
50.52 6.7781 -5.2735
50.56 6.7781 -5.2735
50.61 6.7725 -5.3191
50.66 6.7662 -5.3362
50.71 6.7313 -5.3557
50.76 6.7204 -5.4527
50.81 6.7857 -5.4368
50.88 6.7858 -5.4616
50.91 6.8419 -5.4638
50.96 6.8850 -5.3980
51.01 6.8982 -5.3836
51.06 6.9031 -5.2672
51.11 6.9284 -5.2426
51.16 6.9469 -5.2270
51.22 7.0050 -5.3781
51.26 7.0271 -5.3700
51.31 7.0420 -5.3643
51.36 7.1447 -5.4996
51.41 7.4621 -5.9856
51.47 7.5258 -6.0549
51.51 7.4469 -6.3620
51.56 7.4829 -6.4136
51.62 7.3681 -6.4611
51.66 7.4470 -6.5840
51.71 7.3271 -6.5073
51.77 7.3712 -6.5773
51.81 7.1088 -5.8764
51.86 7.1374 -5.8930
51.91 7.1563 -5.9037
51.98 7.1494 -6.0427
52.02 7.1816 -6.0785
52.08 7.1920 -6.1575
52.11 7.2690 -6.2497
52.17 7.2171 -6.2989
52.22 7.2268 -6.3136
52.28 7.2409 -6.3352
52.31 7.3251 -6.4532
52.38 7.2520 -6.4598
52.42 7.2858 -6.5053
52.46 7.1935 -6.4131
52.51 7.2236 -6.4517
52.56 7.1470 -6.2742
52.62 7.2078 -6.3174
52.66 7.3082 -6.4356
52.72 7.3228 -6.4436
52.77 7.3311 -6.5873
52.81 7.3974 -6.6376
52.87 7.4152 -6.6473
52.91 7.3182 -6.5321
52.96 7.3389 -6.5367
53.01 7.3535 -6.5393
53.06 7.2552 -6.4734
53.11 7.2829 -6.4726
53.19 7.2949 -6.4714
53.21 7.3522 -6.6665
53.27 7.3756 -6.6811
53.31 7.3859 -6.6874
53.36 7.3181 -6.8031
53.42 7.3236 -6.8101
53.47 7.3695 -6.8565
53.51 7.3905 -6.8790
53.56 7.4031 -6.9388
53.61 7.4494 -6.9909
53.66 7.4569 -7.0367
53.72 7.4926 -7.0754
53.78 7.5004 -7.0821
53.81 7.5184 -7.0912
53.87 7.5422 -7.0967
53.91 7.5265 -7.0908
53.97 7.5765 -7.1139
54.01 7.5985 -7.2154
54.06 7.5803 -7.2552
54.11 7.6039 -7.2772
54.16 7.6555 -7.3644
54.21 7.6651 -7.3751
54.26 7.6849 -7.3959
54.31 7.6490 -7.4651
54.37 7.7367 -7.5869
54.41 7.8193 -7.6975
54.46 7.7743 -7.5689
54.51 7.8687 -7.7388
54.56 7.8902 -7.7668
54.61 7.9170 -7.8029
54.67 8.0144 -8.0773
54.72 8.0224 -8.0931
54.76 8.0587 -8.1702
54.81 7.7416 -7.5749
54.86 7.7423 -7.5631
54.91 7.6992 -7.6371
55.00 7.6946 -7.6282
55.02 7.6946 -7.6282
55.08 7.6575 -7.5935
55.12 7.6327 -7.5207
55.16 7.7800 -7.5755
55.21 7.7423 -7.3004
55.28 7.7289 -6.6835
55.31 7.8614 -6.2430
55.40 8.0538 -6.3281
55.41 8.1429 -5.9937
55.47 8.2679 -5.6024
55.51 7.7228 -5.8702
55.57 7.7492 -5.7089
55.65 7.7677 -5.6109
55.67 7.8529 -7.7673
55.72 7.8530 -7.7420
55.76 8.0703 -8.2183
55.81 8.0947 -8.2609
55.86 8.0947 -8.2609
55.91 8.0947 -8.2609
55.96 8.0947 -8.2609
56.01 8.0947 -8.2609
56.07 8.0947 -8.2609
56.11 8.4191 -7.9802
56.16 8.9813 -7.6137
56.21 9.3617 -7.4052
56.26 9.0408 -7.5554
56.31 9.8509 -7.1229
56.36 10.0614 -7.0175
56.41 9.8438 -6.3255
56.46 10.1741 -6.0770
56.51 8.1161 -7.6632
56.58 8.1982 -7.2790
56.61 8.2459 -7.1084
56.66 7.9161 -8.0180
56.71 7.9937 -8.1244
56.76 7.9790 -8.1020
56.81 7.9673 -8.0835
56.86 7.9269 -8.0137
56.92 8.0457 -8.1884
56.96 8.0947 -8.2609
57.01 8.0947 -8.2609
57.06 8.0947 -8.2609
57.11 8.0947 -8.2609
57.16 8.0947 -8.2609
57.21 8.0947 -8.2609
57.26 8.0947 -8.2609
57.31 8.0947 -8.2609
57.36 8.0947 -8.2609
57.41 8.0947 -8.2609
57.46 8.0947 -8.2609
57.51 8.0947 -8.2609
57.56 8.0947 -8.2609
57.62 8.0947 -8.2609
57.66 8.0947 -8.2609
57.72 8.0947 -8.2609
57.76 8.0947 -8.2609
57.81 8.0947 -8.2609
57.87 8.0947 -8.2609
57.91 8.0947 -8.2609
57.96 8.0947 -8.2609
58.02 8.0947 -8.2609
58.06 8.0947 -8.2609
58.11 8.0947 -8.2609
58.16 8.0947 -8.2609
58.22 8.0947 -8.2609
58.27 8.0947 -8.2609
58.31 8.0947 -8.2609
58.36 8.0947 -8.2609
58.41 8.0947 -8.2609
58.47 8.0947 -8.2609
58.51 8.0947 -8.2609
58.56 8.0947 -8.2609
58.61 8.0947 -8.2609
58.66 8.0947 -8.2609
58.71 8.0947 -8.2609
58.77 8.0947 -8.2609
58.81 8.0947 -8.2609
58.86 8.0947 -8.2609
58.91 8.0947 -8.2609
58.97 8.0947 -8.2609
59.03 8.0947 -8.2609
59.06 8.0947 -8.2609
59.11 8.0947 -8.2609
59.18 8.0947 -8.2609
59.21 8.0947 -8.2609
59.26 8.0947 -8.2609
59.31 8.0947 -8.2609
59.36 8.0947 -8.2609
59.41 8.0947 -8.2609
59.46 8.0947 -8.2609
59.51 8.0947 -8.2609
59.56 8.0947 -8.2609
59.63 8.0947 -8.2609
59.67 8.0947 -8.2609
59.71 8.0947 -8.2609
59.76 8.0947 -8.2609
59.82 8.0947 -8.2609
59.86 8.0947 -8.2609
59.91 8.0947 -8.2609
59.98 8.0947 -8.2609
60.01 8.0947 -8.2609
60.06 8.0947 -8.2609
60.13 8.0947 -8.2609
60.16 8.0947 -8.2609
60.22 8.0947 -8.2609
60.26 8.0947 -8.2609
60.32 8.0947 -8.2609
60.37 8.0947 -8.2609
60.41 8.0947 -8.2609
60.47 8.0947 -8.2609
60.51 8.0947 -8.2609
60.56 8.0947 -8.2609
60.61 8.0947 -8.2609
60.66 8.0947 -8.2609
60.72 8.0947 -8.2609
60.79 8.0947 -8.2609
60.81 8.0947 -8.2609
60.86 8.0947 -8.2609
60.92 8.0947 -8.2609
60.96 8.0947 -8.2609
61.01 8.0947 -8.2609
61.08 8.0947 -8.2609
61.11 8.0947 -8.2609
61.16 8.0947 -8.2609
61.21 8.0947 -8.2609
61.27 8.0947 -8.2609
61.32 8.0947 -8.2609
61.37 8.0947 -8.2609
61.41 8.0947 -8.2609
61.47 8.0947 -8.2609
61.51 8.0947 -8.2609
61.56 8.0947 -8.2609
61.62 8.0947 -8.2609
61.67 8.0947 -8.2609
61.71 8.0947 -8.2609
61.76 8.0947 -8.2609
61.81 8.0947 -8.2609
61.86 8.0947 -8.2609
61.91 8.0947 -8.2609
61.96 8.0947 -8.2609
62.01 8.0947 -8.2609
62.06 8.0947 -8.2609
# session 2026-07-10 08:44:59
18.14 4.3712 -0.2045
18.15 4.3712 -0.2045
30.39 7.3585 -3.1349
30.40 7.3585 -3.1349
37.11 7.3288 -5.9707
37.16 7.2814 -5.4925
37.21 7.3190 -5.6249
37.27 7.5168 -5.8514
37.31 7.4064 -4.9162
37.36 7.4289 -4.9241
37.41 7.4568 -4.9695
37.46 7.4710 -4.9756
37.51 7.4867 -4.9802
37.56 7.4040 -5.0142
37.62 7.4174 -5.0231
37.66 7.2985 -4.9234
37.71 7.2988 -4.9165
37.76 7.2807 -4.9473
37.82 7.2991 -4.9916
37.87 7.2991 -4.9853
37.91 7.2980 -4.9785
37.96 7.3204 -4.9483
38.05 7.3354 -4.9510
38.06 7.3413 -4.9323
38.11 7.3594 -4.9194
38.16 7.3604 -4.9708
38.21 7.3645 -4.9687
38.27 7.3694 -4.9649
38.31 7.3829 -5.0396
38.36 7.3907 -5.0365
38.41 7.3950 -5.0332
38.46 7.3642 -5.0399
38.51 7.3674 -5.0321
38.56 7.3398 -5.0223
38.61 7.3414 -5.0118
38.67 7.3413 -5.0199
38.71 7.3418 -5.0138
38.76 7.3412 -5.0074
38.83 7.3505 -5.0306
38.86 7.3496 -5.0289
38.91 7.3781 -5.0241
38.97 7.3803 -5.0214
39.02 7.3828 -5.0203
39.06 7.3832 -5.0109
39.11 7.3854 -5.0109
39.16 7.3849 -5.0823
39.22 7.3770 -5.1309
39.27 7.3773 -5.1378
39.31 7.3792 -5.1508
39.36 7.3548 -5.1776
39.41 7.3541 -5.1800
39.46 7.3437 -5.1712
39.52 7.3602 -5.1532
39.56 7.3612 -5.1520
39.61 7.3945 -5.1818
39.66 7.3977 -5.1830
39.71 7.4392 -5.1857
39.76 7.4434 -5.1861
39.81 7.4757 -5.2041
39.86 7.4852 -5.2062
39.91 7.4840 -5.2849
39.96 7.4888 -5.2918
40.01 7.4786 -5.3648
40.07 7.4819 -5.3794
40.14 7.4750 -5.4128
40.16 7.4782 -5.4279
40.22 7.4943 -5.5346
40.26 7.5013 -5.5623
40.31 7.5019 -5.5775
40.37 7.5056 -5.6045
40.42 7.5075 -5.6200
40.49 7.5321 -5.6023
40.51 7.5360 -5.6158
40.56 7.5677 -5.6326
40.63 7.5769 -5.6553
40.67 7.6111 -5.6139
40.72 7.6588 -5.6963
40.77 7.6753 -5.7226
40.82 7.6757 -5.7745
40.86 7.6796 -5.7818
40.91 7.6672 -5.8268
40.96 7.6732 -5.8433
41.01 7.6884 -5.8837
41.06 7.6939 -5.9763
41.12 7.7005 -5.9970
41.16 7.7129 -6.0492
41.21 7.7212 -6.0733
41.26 7.7157 -6.0878
41.31 7.7227 -6.0171
41.36 7.7282 -6.0306
41.42 7.7367 -6.0547
41.46 7.7787 -6.0790
41.52 7.7816 -6.0855
41.56 7.8205 -6.2026
41.61 7.8273 -6.2269
41.67 7.8360 -6.2621
41.71 7.8538 -6.3726
41.76 7.8007 -6.3934
41.81 7.8012 -6.4024
41.87 7.7840 -6.4091
41.91 7.8227 -6.5385
41.97 7.8349 -6.5814
42.01 7.8435 -6.6080
42.06 7.8866 -6.5095
42.11 7.9283 -6.6738
42.16 7.9471 -6.7158
42.21 7.9606 -6.7458
42.26 7.9561 -6.6176
42.31 7.9731 -6.6460
42.36 7.9790 -6.6902
42.41 7.9907 -6.7160
42.46 7.9864 -6.7945
42.51 8.0057 -6.8511
42.56 7.9960 -6.9324
42.61 8.0196 -7.0233
42.67 8.0019 -7.0709
42.71 8.0100 -7.1088
42.76 8.0203 -7.1578
42.81 8.0084 -7.2207
42.86 8.0227 -7.3037
42.92 8.0379 -7.4052
42.96 8.0038 -7.1382
43.01 8.0069 -7.1539
43.06 8.0256 -7.1902
43.11 8.0325 -7.2226
43.16 8.0515 -7.3519
43.21 8.0622 -7.4148
43.26 8.0651 -7.4331
43.32 8.0711 -7.4310
43.37 8.0788 -7.4853
43.42 8.0603 -7.4464
43.46 8.0644 -7.4807
43.51 8.0531 -7.5354
43.59 8.0590 -7.5855
43.62 8.0450 -7.6113
43.67 8.0485 -7.6441
43.71 8.0541 -7.6953
43.76 8.0603 -7.6876
43.81 8.0639 -7.7199
43.87 8.0690 -7.7679
43.91 8.0794 -7.7644
43.96 8.0825 -7.7953
44.01 8.0874 -7.8509
44.07 8.0887 -7.8675
44.11 8.0994 -8.0036
44.16 8.1006 -8.0441
44.21 8.0989 -8.0928
44.26 8.0989 -8.1137
44.31 8.0978 -8.1886
44.37 8.0947 -8.2609
44.41 8.0947 -8.2609
44.47 8.0947 -8.2609
44.51 8.0947 -8.2609
44.56 8.0947 -8.2609
44.61 8.0947 -8.2609
44.66 8.0947 -8.2609
44.71 8.0947 -8.2609
44.77 8.0947 -8.2609
44.82 8.0947 -8.2609
44.86 8.0947 -8.2609
44.91 8.0947 -8.2609
44.96 8.0947 -8.2609
45.01 8.0947 -8.2609
45.08 8.0947 -8.2609
45.11 8.0947 -8.2609
45.16 8.0947 -8.2609
45.21 8.0947 -8.2609
45.26 8.0947 -8.2609
45.32 8.0947 -8.2609
45.37 8.0947 -8.2609
45.41 8.0947 -8.2609
45.47 8.0947 -8.2609
45.51 8.0947 -8.2609
45.56 8.0947 -8.2609
45.61 8.0947 -8.2609
45.67 8.0947 -8.2609
45.72 8.0947 -8.2609
45.76 8.0947 -8.2609
45.82 8.0947 -8.2609
45.86 8.0947 -8.2609
45.91 8.0947 -8.2609
45.96 8.0947 -8.2609
46.01 8.0947 -8.2609
46.06 8.0947 -8.2609
46.11 8.0947 -8.2609
46.16 8.0947 -8.2609
46.21 8.0947 -8.2609
46.26 8.0947 -8.2609
46.32 8.0947 -8.2609
46.36 8.0947 -8.2609
46.41 8.0947 -8.2609
46.46 8.0947 -8.2609
46.52 8.0947 -8.2609
46.56 8.0947 -8.2609
46.61 8.0947 -8.2609
46.66 8.0947 -8.2609
46.71 8.0947 -8.2609
46.76 8.0947 -8.2609
46.81 8.0947 -8.2609
46.86 8.0947 -8.2609
46.92 8.0947 -8.2609
46.96 8.0947 -8.2609
47.01 8.0947 -8.2609
47.07 8.0947 -8.2609
47.11 8.0947 -8.2609
47.16 8.0947 -8.2609
47.21 8.0947 -8.2609
47.26 8.0947 -8.2609
47.31 8.0947 -8.2609
47.36 8.0947 -8.2609
47.42 8.0947 -8.2609
47.46 8.0947 -8.2609
47.52 8.0947 -8.2609
47.58 8.0947 -8.2609
47.61 8.0947 -8.2609
47.66 8.0947 -8.2609
47.71 8.0947 -8.2609
47.76 8.0947 -8.2609
47.81 8.0947 -8.2609
47.86 8.0947 -8.2609
47.91 8.0947 -8.2609
47.96 8.0947 -8.2609
48.02 8.0947 -8.2609
48.06 8.0947 -8.2609
48.16 8.0947 -8.2609
48.16 8.0947 -8.2609
48.21 8.0947 -8.2609
48.26 8.0947 -8.2609
48.31 8.0947 -8.2609
48.36 8.0947 -8.2609
48.41 8.0947 -8.2609
48.46 8.0947 -8.2609
48.51 8.0947 -8.2609
48.56 8.0947 -8.2609
48.61 8.0947 -8.2609
48.66 8.0947 -8.2609
48.71 8.0947 -8.2609
48.76 8.0947 -8.2609
48.81 8.0947 -8.2609
48.86 8.0947 -8.2609
48.92 8.0947 -8.2609
48.96 8.0947 -8.2609
49.02 8.0947 -8.2609
49.06 8.0947 -8.2609
49.11 8.0947 -8.2609
49.16 8.0947 -8.2609
49.21 8.0947 -8.2609
49.26 8.0947 -8.2609
65.31 5.7931 -6.1017
65.36 5.7894 -6.0336
65.41 5.7753 -6.0202
65.46 5.7718 -6.0218
65.51 5.7755 -6.0673
65.56 5.7709 -6.0726
65.61 5.7830 -6.1055
65.66 5.7781 -6.1130
65.71 5.7858 -6.1380
65.76 5.7823 -6.1474
65.81 5.7761 -6.1628
65.86 5.7677 -6.1618
65.91 5.7600 -6.1757
65.96 5.7697 -6.1224
66.01 5.7642 -6.1312
66.07 5.7607 -6.1382
66.11 5.8059 -6.1081
66.16 5.8055 -6.1126
66.21 5.8099 -6.0780
66.26 5.8104 -6.0802
66.31 5.8119 -6.0839
66.36 5.7788 -6.0694
66.41 5.7775 -6.0720
66.46 5.7910 -6.0771
66.51 5.7931 -6.0836
66.57 5.7977 -6.0864
66.61 5.8003 -6.0911
66.66 5.8146 -6.0866
66.72 5.8176 -6.0896
66.76 5.8018 -6.0695
66.81 5.8027 -6.0734
66.86 5.8094 -6.0741
66.93 5.8085 -6.0754
66.96 5.8071 -6.0782
67.02 5.7963 -6.0692
67.06 5.7934 -6.0678
67.13 5.7722 -6.0667
67.16 5.7663 -6.0656
67.21 5.7392 -6.0178
67.26 5.7293 -6.0132
67.31 5.6821 -5.9424
67.37 5.6678 -5.9336
67.42 5.6486 -5.9160
67.48 5.6335 -5.9073
67.51 5.6427 -5.9139
67.56 5.6311 -5.9082
67.62 5.6083 -5.8990
67.67 5.6009 -5.8964
67.71 5.6407 -5.9552
67.77 5.7122 -6.0000
67.81 5.7083 -6.0056
67.86 5.7898 -6.0894
67.91 5.7931 -6.0991
67.96 5.8321 -6.0979
68.01 5.8444 -6.1103
68.06 5.8704 -6.0817
68.11 5.8790 -6.0874
68.16 5.8620 -6.0074
68.21 5.8667 -6.0065
68.26 5.8482 -5.9256
68.33 5.8532 -5.9154
68.36 5.8154 -5.9113
68.41 5.8100 -5.9040
68.46 5.8087 -5.9015
68.51 5.7650 -5.8687
68.57 5.7568 -5.8624
68.61 5.8165 -5.8475
68.67 5.8117 -5.8398
68.73 5.7988 -5.8271
68.76 5.8221 -5.8158
68.82 5.8644 -5.7439
68.86 5.8602 -5.7340
68.91 5.8550 -5.7198
68.96 5.8338 -5.7397
69.01 5.8274 -5.7273
69.06 5.8251 -5.7230
69.11 5.7852 -5.6754
69.16 5.7672 -5.6543
69.21 5.7467 -5.5646
69.26 5.7395 -5.5471
69.31 5.7450 -5.5068
69.38 5.7379 -5.4869
69.41 5.7322 -5.4676
69.46 5.7870 -5.4328
69.53 5.7844 -5.4144
69.56 5.7788 -5.3841
69.62 5.8251 -5.3480
69.66 5.8477 -5.3178
69.71 5.8422 -5.2833
69.76 5.8374 -5.2520
69.81 5.7821 -5.2088
69.86 5.7704 -5.1760
69.92 5.7014 -5.2236
69.96 5.6804 -5.1949
70.01 5.6324 -5.1598
70.06 5.6107 -5.1356
70.11 5.5928 -5.1152
70.17 5.5761 -5.0528
70.24 5.5607 -5.0342
70.26 5.5332 -4.9975
70.31 5.5620 -4.9802
70.37 5.5478 -4.9549
70.43 5.5417 -4.9446
70.48 5.5767 -4.8501
70.53 5.5527 -4.7866
70.56 5.5467 -4.7695
70.62 5.6504 -4.6656
70.66 5.6504 -4.6360
70.71 5.5883 -4.7337
70.76 5.5847 -4.7012
70.81 5.5090 -4.6457
70.87 5.5026 -4.6227
70.91 5.4868 -4.7005
70.97 5.4811 -4.6825
71.01 5.4752 -4.6649
71.06 5.3983 -4.5951
71.11 5.3854 -4.5663
71.16 5.4147 -4.5505
71.21 5.4058 -4.5234
71.27 5.4142 -4.4560
71.31 5.4067 -4.4145
71.36 5.4026 -4.3919
71.41 5.3885 -4.3593
71.46 5.3810 -4.3281
71.51 5.3504 -4.3097
71.56 5.3348 -4.2657
71.61 5.3289 -4.2489
71.67 5.1624 -4.2424
71.71 5.0977 -4.2021
71.76 5.0858 -4.1841
71.81 5.0694 -4.1572
71.86 5.1005 -4.1708
71.91 5.0882 -4.1431
71.96 5.0799 -4.1239
72.01 5.1548 -4.1500
72.07 5.1493 -4.1258
72.11 5.1450 -4.1104
72.17 5.1530 -4.0673
72.21 5.1438 -4.0381
72.27 5.1380 -4.0176
72.31 4.9786 -3.8445
72.37 4.9581 -3.8004
72.43 4.9427 -3.7665
72.51 4.9187 -3.7147
72.52 4.8557 -3.7684
72.57 4.8112 -3.6597
72.61 4.6848 -3.6816
72.66 4.6726 -3.6604
72.76 4.6887 -3.6236
72.82 4.6608 -3.5658
72.87 4.6484 -3.5412
72.92 4.6065 -3.3900
72.96 4.5640 -3.2779
73.02 4.5559 -3.2596
73.06 4.6975 -3.3998
73.11 4.6898 -3.3541
73.16 4.6845 -3.3200
73.21 4.5476 -3.2169
73.27 4.5423 -3.1981
73.31 4.3949 -3.2480
73.39 4.3858 -3.2242
73.41 4.3719 -3.1843
73.46 4.3629 -3.1582
73.51 4.3521 -3.1283
73.56 4.4337 -3.4619
73.61 4.4288 -3.4534
73.66 4.4245 -3.4472
73.71 4.3949 -3.3557
73.76 4.3923 -3.3399
73.81 4.3917 -3.3163
73.87 4.2548 -2.9163
73.91 4.2130 -2.8352
73.97 4.2039 -2.7908
74.01 4.1903 -2.7346
74.06 4.1222 -2.7010
74.12 4.1162 -2.6790
74.16 4.0568 -2.7317
74.21 3.9425 -2.4918
74.27 4.0745 -3.0002
74.31 4.0599 -2.9773
74.36 3.8767 -2.8252
74.41 3.8432 -2.7896
74.46 3.8451 -2.7483
74.52 3.8119 -2.7066
74.56 3.7701 -2.6398
74.61 3.7602 -2.6174
74.67 4.2213 -3.0047
74.71 4.3265 -3.0002
74.76 4.2465 -2.6951
74.81 4.3213 -2.6353
74.86 3.9749 -2.3986
74.91 3.9335 -2.3953
74.97 3.4902 -2.8789
75.03 3.3904 -2.9375
75.06 3.2983 -3.2382
75.11 3.1877 -3.2711
75.18 3.0503 -3.1402
75.21 2.9746 -3.1418
75.26 3.3094 -2.6702
75.32 3.2325 -2.6469
75.37 3.2325 -2.6469
75.41 3.1893 -2.3050
75.46 3.3656 -2.2711
75.51 3.2894 -2.2030
75.56 3.4718 -2.2325
75.61 3.4255 -2.1816
75.66 3.4697 -2.1053
75.71 3.4210 -2.0437
75.76 3.5527 -2.3148
75.81 3.5105 -2.2674
75.86 3.3938 -2.1582
75.91 3.3444 -2.1063
75.96 3.3489 -2.0995
76.02 3.3023 -2.0472
76.06 3.3599 -2.0900
76.11 3.3214 -2.0482
76.16 3.4549 -2.1580
76.21 3.5639 -2.1942
76.26 3.5539 -2.1779
76.31 3.5471 -2.1440
76.36 3.5323 -2.1251
76.43 3.5000 -2.0850
76.46 3.4836 -2.0648
76.51 3.4344 -2.0879
76.57 3.4137 -2.0714
76.63 3.3937 -2.0561
76.67 3.3498 -2.0552
76.71 3.3287 -2.0434
76.76 3.2927 -2.0249
76.81 3.2579 -2.0013
76.86 3.2164 -1.9740
76.91 3.1903 -1.9572
76.97 3.2373 -1.9620
77.01 3.3933 -1.9597
77.07 3.3769 -1.9250
77.11 3.4302 -1.8024
77.16 3.4136 -1.7480
77.21 3.4343 -1.7728
77.27 3.4240 -1.7499
77.32 3.3386 -1.7337
77.36 3.3092 -1.6908
77.41 3.2528 -1.7654
77.46 3.2341 -1.7491
77.51 3.2063 -1.7245
77.56 3.1868 -1.7066
77.61 3.2221 -1.6633
77.66 3.2262 -1.6350
77.71 3.2085 -1.6053
77.77 3.1935 -1.5790
77.81 3.1820 -1.5590
77.86 3.1628 -1.5273
77.91 3.3006 -1.5617
77.96 3.2932 -1.5348
78.01 3.2850 -1.5092
78.06 3.3710 -1.5114
78.11 3.3687 -1.4824
78.16 3.3059 -1.4526
78.21 3.2781 -1.4315
78.26 3.2698 -1.4128
78.31 3.2058 -1.3899
78.36 3.1940 -1.3721
78.41 3.1286 -1.3270
78.47 3.1152 -1.3076
78.51 3.1368 -1.3044
78.56 3.1271 -1.2845
78.61 3.1737 -1.2645
78.67 3.1717 -1.2456
78.72 3.2258 -1.2178
78.76 3.2583 -1.1992
78.82 3.2626 -1.1709
78.86 3.2647 -1.1450
78.91 3.2637 -1.1140
78.96 3.1903 -1.1180
79.01 3.1777 -1.0850
79.06 3.1680 -1.0602
79.12 3.0827 -1.0515
79.16 3.0647 -1.0230
79.21 3.0591 -1.0137
79.26 2.9522 -0.9824
79.31 2.9229 -0.9486
79.39 2.9274 -0.9597
79.41 2.9048 -0.9340
79.46 2.9550 -0.9388
79.51 2.9763 -0.9030
79.56 2.9695 -0.8853
79.61 2.9576 -0.8576
79.66 2.9949 -0.8331
79.71 2.9831 -0.8016
79.76 2.9793 -0.7964
79.83 2.9659 -0.7650
79.87 2.9189 -0.7871
79.91 2.8315 -0.7669
79.96 2.8115 -0.7492
80.01 2.7431 -0.7454
80.06 2.7064 -0.7245
80.11 2.6687 -0.6983
80.16 2.6428 -0.6793
80.21 2.6032 -0.6502
80.26 2.6324 -0.6466
80.31 2.6464 -0.6413
80.36 2.6293 -0.6247
80.41 2.6330 -0.6046
80.46 2.6168 -0.5881
80.51 2.6077 -0.5801
80.56 2.6281 -0.6009
80.61 2.6116 -0.5856
80.66 2.5984 -0.5746
80.71 2.5822 -0.5900
80.76 2.5689 -0.5815
80.81 2.4967 -0.6043
80.86 2.4804 -0.5988
80.91 2.3465 -0.5948
80.96 2.2835 -0.5886
81.01 2.2386 -0.5808
81.06 2.2083 -0.5752
81.11 2.1538 -0.5649
81.16 2.1916 -0.5429
81.21 2.1545 -0.5324
81.26 2.1976 -0.5240
81.32 2.1943 -0.4860
81.36 2.1615 -0.4718
81.42 2.1143 -0.4778
81.46 2.0899 -0.5080
81.51 2.0585 -0.5049
81.56 2.0383 -0.5029
81.61 1.9793 -0.5274
81.66 1.9474 -0.5254
81.71 1.9178 -0.5226
81.76 1.9266 -0.5328
81.81 1.9005 -0.5302
81.86 1.8217 -0.5330
81.91 1.8014 -0.5307
81.96 1.7739 -0.5274
82.02 1.7207 -0.4820
82.06 1.6672 -0.4684
82.11 1.7070 -0.4451
82.17 1.6985 -0.4423
82.21 1.6006 -0.4225
82.26 1.5564 -0.4122
82.31 1.5561 -0.4444
82.36 1.5258 -0.4407
82.41 1.5161 -0.4757
82.46 1.4901 -0.4752
82.52 1.3880 -0.4995
82.56 1.3587 -0.5004
82.61 1.3304 -0.5008
82.66 1.2962 -0.4891
82.71 1.2242 -0.4876
82.76 1.3305 -0.4764
82.81 1.3060 -0.4740
82.86 1.2939 -0.4538
82.91 1.2611 -0.4466
82.96 1.2013 -0.4220
83.03 1.2238 -0.4140
83.06 1.2075 -0.4091
83.12 1.1438 -0.4058
83.16 1.1239 -0.4018
83.21 1.0984 -0.4225
83.26 1.0818 -0.4203
83.31 1.0357 -0.4291
83.36 1.0201 -0.4273
83.41 0.9448 -0.4472
83.46 0.9102 -0.4500
83.51 0.8730 -0.4506
83.56 0.8517 -0.4507
83.61 0.8627 -0.4311
83.66 0.8442 -0.4297
83.71 0.8251 -0.4283
83.76 0.7343 -0.4248
83.82 0.7550 -0.4070
83.87 0.7395 -0.4041
83.91 0.6732 -0.4133
83.96 0.6576 -0.4181
84.02 0.6264 -0.4182
84.06 0.6069 -0.4181
84.11 0.5780 -0.4181
84.16 0.5602 -0.4431
84.21 0.4752 -0.4661
84.26 0.4395 -0.4696
84.31 0.3911 -0.4727
84.36 0.3973 -0.4663
84.41 0.3426 -0.4703
84.46 0.2878 -0.4747
84.51 0.2619 -0.4766
84.57 0.2509 -0.4640
84.61 0.1418 -0.4712
84.66 0.1170 -0.4732
84.71 0.2136 -0.4699
84.76 0.1979 -0.4818
84.81 0.1836 -0.4843
84.86 0.1524 -0.4893
84.91 0.1356 -0.4918
84.96 0.1061 -0.4960
85.01 0.0654 -0.5007
85.07 0.0049 -0.5103
85.11 -0.0412 -0.5147
85.16 -0.0718 -0.5170
85.21 -0.0948 -0.5184
85.26 -0.1410 -0.5188
85.31 -0.1854 -0.5187
85.36 -0.1725 -0.5140
85.41 -0.1988 -0.5108
85.47 -0.2469 -0.5100
85.51 -0.3328 -0.5059
85.56 -0.3265 -0.5062
85.61 -0.3328 -0.5059
85.66 -0.3328 -0.5059
85.72 -0.3328 -0.5059
85.79 -0.3328 -0.5059
85.81 -0.3328 -0.5059
85.86 -0.3328 -0.5059
85.91 -0.3328 -0.5059
85.97 -0.3328 -0.5059
86.01 -0.3328 -0.5059
86.06 -0.3328 -0.5059
86.11 -0.3328 -0.5059
86.16 -0.3328 -0.5059
86.22 -0.3328 -0.5059
86.26 -0.3328 -0.5059
86.31 -0.3328 -0.5059
86.36 -0.3328 -0.5059
86.41 -0.3328 -0.5059
86.46 -0.3328 -0.5059
86.52 -0.3328 -0.5059
86.57 -0.3328 -0.5059
86.62 -0.3328 -0.5059
86.68 -0.3328 -0.5059
86.71 -0.3328 -0.5059
86.77 -0.3328 -0.5059
86.82 -0.3328 -0.5059
86.87 -0.3328 -0.5059
86.91 -0.3328 -0.5059
86.96 -0.3328 -0.5059
87.01 -0.3328 -0.5059
87.07 -0.3328 -0.5059
87.11 -0.3328 -0.5059
87.16 -0.3328 -0.5059
87.22 -0.3328 -0.5059
87.26 -0.3328 -0.5059
87.31 -0.3328 -0.5059
87.37 -0.3328 -0.5059
87.42 -0.3328 -0.5059
87.46 -0.3328 -0.5059
87.52 -0.3328 -0.5059
87.56 -0.3328 -0.5059
87.61 -0.3328 -0.5059
87.66 -0.3328 -0.5059
87.71 -0.3328 -0.5059
87.76 -0.3328 -0.5059
87.81 -0.3328 -0.5059
87.86 -0.3328 -0.5059
87.91 -0.3328 -0.5059
87.96 -0.3328 -0.5059
88.01 -0.3328 -0.5059
88.06 -0.3328 -0.5059
88.11 -0.3328 -0.5059
88.16 -0.3328 -0.5059
88.21 -0.3328 -0.5059
88.27 -0.3328 -0.5059
88.31 -0.3328 -0.5059
88.36 -0.3328 -0.5059
88.41 -0.3328 -0.5059
88.47 -0.3328 -0.5059
88.52 -0.3328 -0.5059
88.57 -0.3328 -0.5059
88.61 -0.3328 -0.5059
88.67 -0.3328 -0.5059
88.71 -0.3328 -0.5059
88.78 -0.3328 -0.5059
88.81 -0.3328 -0.5059
88.86 -0.3328 -0.5059
88.91 -0.3328 -0.5059
88.96 -0.3328 -0.5059
89.01 -0.3328 -0.5059
89.06 -0.3328 -0.5059
89.11 -0.3328 -0.5059
89.16 -0.3328 -0.5059
89.21 -0.3328 -0.5059
89.26 -0.3328 -0.5059
89.31 -0.3328 -0.5059
89.37 -0.3328 -0.5059
89.41 -0.3328 -0.5059
89.46 -0.3328 -0.5059
89.51 -0.3328 -0.5059
89.56 -0.3328 -0.5059
89.61 -0.3328 -0.5059
89.66 -0.3328 -0.5059
89.71 -0.3328 -0.5059
89.76 -0.3328 -0.5059
89.81 -0.3328 -0.5059
89.86 -0.3328 -0.5059
89.92 -0.3328 -0.5059
89.96 -0.3328 -0.5059
90.01 -0.3328 -0.5059
90.06 -0.3328 -0.5059
90.11 -0.3328 -0.5059
90.16 -0.3328 -0.5059
90.21 -0.3328 -0.5059
90.26 -0.3328 -0.5059
90.32 -0.3328 -0.5059
90.36 -0.3328 -0.5059
90.42 -0.3328 -0.5059
90.46 -0.3328 -0.5059
90.51 -0.3328 -0.5059
90.56 -0.3328 -0.5059
90.61 -0.3328 -0.5059
90.66 -0.3328 -0.5059
90.71 -0.3328 -0.5059
90.76 -0.3328 -0.5059
90.81 -0.3328 -0.5059
90.86 -0.3328 -0.5059
90.91 -0.3328 -0.5059
90.96 -0.3328 -0.5059
91.01 -0.3328 -0.5059
91.07 -0.3328 -0.5059
91.11 -0.3328 -0.5059
91.17 -0.3328 -0.5059
91.21 -0.3328 -0.5059
91.27 -0.3328 -0.5059
91.31 -0.3328 -0.5059
